0 1000 0 30000
10 161
10 79
10 185
10 472
10 165
10 121
10 54
10 298
10 101
10 145
10 25
10 486
10 322
10 176
10 117
10 180
10 357
10 337
10 199
10 353
10 370
10 111
10 247
10 371
10 121
10 228
10 336
10 72
10 296
10 107
10 3
10 495
10 260
10 165
10 39
10 402
10 147
10 77
10 6
10 446
10 350
10 154
10 110
10 351
10 206
10 83
10 375
10 359
10 217
10 298
10 63
10 63
10 273
10 280
10 472
10 193
10 375
10 358
10 298
10 266
10 149
10 423
10 226
10 368
10 274
10 164
10 323
10 129
10 155
10 484
10 339
10 489
10 5
10 204
10 482
10 101
10 276
10 18
10 429
10 327
10 425
10 309
10 459
10 268
10 340
10 401
10 281
10 353
10 363
10 370
10 385
10 156
10 183
10 90
10 444
10 93
10 71
10 331
10 1
10 460
10 308
10 195
10 410
10 378
10 352
10 314
10 201
10 282
10 143
10 172
10 135
10 90
10 406
10 339
10 221
10 325
10 174
10 60
10 349
10 363
10 268
10 40
10 140
10 248
10 159
10 395
10 498
10 321
10 132
10 239
10 108
10 267
10 171
10 13
10 497
10 381
10 61
10 21
10 405
10 469
10 403
10 348
10 239
10 96
10 442
10 147
10 84
10 181
10 268
10 421
10 216
10 492
10 54
10 444
10 253
10 84
10 498
10 497
10 179
10 76
10 316
10 470
10 314
10 279
10 123
10 393
10 166
10 358
10 274
10 83
10 305
10 244
10 359
10 462
10 426
10 213
10 62
10 324
10 443
10 435
10 241
10 84
10 338
10 492
10 32
10 328
10 123
10 37
10 110
10 62
10 232
10 205
10 173
10 341
10 469
10 213
10 176
10 98
10 185
10 428
10 326
10 148
10 443
10 23
10 379
10 339
10 186
10 208
10 130
10 28
10 385
10 355
10 146
10 335
10 474
10 178
10 213
10 74
10 305
10 434
10 64
10 459
10 186
10 16
10 362
10 74
10 362
10 366
10 64
10 80
10 352
10 271
10 417
10 158
10 421
10 51
10 488
10 410
10 409
10 279
10 21
10 281
10 291
10 460
10 94
10 261
10 12
10 427
10 25
10 379
10 65
10 456
10 323
10 17
10 89
10 357
10 285
10 197
10 216
10 292
10 100
10 441
10 289
10 109
10 370
10 79
10 17
10 316
10 79
10 219
10 331
10 304
10 166
10 317
10 157
10 99
10 348
10 333
10 363
10 9
10 134
10 381
10 136
10 422
10 446
10 489
10 54
10 478
10 178
10 463
10 401
10 387
10 55
10 145
10 342
10 366
10 78
10 251
10 425
10 397
10 323
10 175
10 377
10 41
10 413
10 484
10 25
10 447
10 118
10 473
10 414
10 345
10 229
10 260
10 237
10 23
10 322
10 140
10 294
10 3
10 132
10 174
10 425
10 257
10 432
10 150
10 2
10 184
10 316
10 353
10 112
10 229
10 12
10 372
10 442
10 2
10 243
10 301
10 495
10 250
10 347
10 257
10 103
10 432
10 449
10 101
10 108
10 22
10 492
10 350
10 467
10 118
10 192
10 155
10 267
10 330
10 105
10 134
10 20
10 360
10 383
10 27
10 71
10 391
10 85
10 89
10 43
10 1
10 146
10 457
10 24
10 369
10 76
10 317
10 491
10 346
10 429
10 417
10 141
10 379
10 339
10 360
10 79
10 310
10 280
10 69
10 152
10 181
10 154
10 293
10 133
10 360
10 282
10 144
10 16
10 197
10 297
10 476
10 322
10 222
10 156
10 278
10 67
10 352
10 333
10 473
10 411
10 261
10 350
10 142
10 192
10 268
10 321
10 475
10 335
10 125
10 354
10 74
10 45
10 261
10 166
10 32
10 288
10 487
10 5
10 15
10 360
10 26
10 472
10 11
10 177
10 271
10 214
10 234
10 55
10 159
10 337
10 452
10 7
10 29
10 186
10 360
10 81
10 8
10 310
10 68
10 142
10 167
10 118
10 319
10 432
10 471
10 75
10 148
10 251
10 269
10 400
10 103
10 262
10 56
10 276
10 140
10 171
10 160
10 483
10 398
10 358
10 82
10 149
10 258
10 473
10 234
10 448
10 4
10 82
10 86
10 211
10 364
10 117
10 86
10 25
10 179
10 257
10 292
10 325
10 5
10 237
10 167
10 47
10 187
10 460
10 474
10 472
10 133
10 323
10 143
10 460
10 290
10 308
10 22
10 333
10 98
10 57
10 327
10 22
10 409
10 424
10 305
10 435
10 231
10 88
10 485
10 364
10 303
10 227
10 450
10 408
10 304
10 494
10 281
10 5
10 111
10 23
10 333
10 46
10 337
10 344
10 406
10 358
10 37
10 281
10 247
10 159
10 324
10 493
10 434
10 260
10 207
10 74
10 211
10 145
10 426
10 464
10 360
10 403
10 184
10 269
10 259
10 195
10 271
10 410
10 106
10 20
10 321
10 243
10 459
10 411
10 266
10 81
10 247
10 130
10 309
10 323
10 370
10 118
10 435
10 272
10 94
10 359
10 483
10 207
10 173
10 430
10 335
10 477
10 239
10 2
10 72
10 218
10 283
10 20
10 43
10 387
10 457
10 79
10 187
10 345
10 402
10 451
10 51
10 447
10 286
10 6
10 147
10 78
10 430
10 161
10 161
10 151
10 456
10 453
10 79
10 162
10 362
10 236
10 159
10 438
10 183
10 215
10 205
10 169
10 211
10 26
10 360
10 34
10 318
10 167
10 126
10 69
10 11
10 340
10 269
10 484
10 117
10 452
10 432
10 249
10 389
10 449
10 111
10 165
10 452
10 193
10 453
10 35
10 194
10 270
10 428
10 118
10 108
10 401
10 443
10 254
10 203
10 124
10 432
10 93
10 79
10 445
10 451
10 101
10 378
10 54
10 369
10 382
10 42
10 306
10 144
10 101
10 287
10 421
10 195
10 358
10 297
10 41
10 213
10 137
10 468
10 114
10 96
10 103
10 334
10 172
10 432
10 33
10 234
10 110
10 22
10 48
10 10
10 265
10 274
10 428
10 230
10 456
10 410
10 1
10 29
10 387
10 482
10 117
10 379
10 70
10 100
10 161
10 191
10 131
10 7
10 493
10 113
10 368
10 131
10 72
10 347
10 207
10 261
10 176
10 333
10 498
10 234
10 184
10 132
10 450
10 15
10 443
10 403
10 137
10 288
10 239
10 164
10 238
10 83
10 409
10 282
10 417
10 471
10 319
10 297
10 217
10 70
10 407
10 390
10 417
10 447
10 262
10 393
10 3
10 335
10 466
10 392
10 164
10 398
10 165
10 188
10 102
10 137
10 276
10 132
10 251
10 82
10 343
10 104
10 217
10 126
10 263
10 168
10 104
10 487
10 301
10 89
10 25
10 69
10 199
10 107
10 301
10 272
10 465
10 52
10 411
10 81
10 487
10 155
10 287
10 312
10 274
10 218
10 54
10 250
10 472
10 337
10 147
10 400
10 450
10 338
10 420
10 173
10 238
10 130
10 22
10 317
10 450
10 66
10 161
10 407
10 487
10 261
10 500
10 354
10 251
10 417
10 254
10 107
10 227
10 49
10 489
10 75
10 233
10 142
10 110
10 115
10 384
10 361
10 134
10 156
10 466
10 329
10 42
10 105
10 430
10 318
10 449
10 74
10 156
10 227
10 57
10 7
10 260
10 46
10 218
10 457
10 30
10 391
10 411
10 204
10 34
10 120
10 338
10 245
10 111
10 216
10 204
10 333
10 16
10 419
10 27
10 45
10 19
10 406
10 394
10 121
10 417
10 371
10 142
10 263
10 128
10 233
10 173
10 224
10 305
10 432
10 180
10 255
10 227
10 404
10 107
10 58
10 123
10 346
10 368
10 21
10 484
10 331
10 184
10 491
10 256
10 29
10 333
10 94
10 192
10 211
10 61
10 323
10 289
10 381
10 365
10 288
10 278
10 387
10 340
10 286
10 76
10 221
10 371
10 159
10 187
10 116
10 113
10 229
10 41
10 155
10 174
10 158
10 413
10 20
10 347
10 435
10 81
10 36
10 351
10 13
10 30
10 320
10 494
10 179
10 26
10 337
10 82
10 226
10 127
10 360
10 50
10 190
10 100
10 366
10 484
10 469
10 386
10 102
10 478
10 172
10 205
10 27
10 99
10 247
10 94
10 276
10 267
10 49
10 327
10 414
10 383
10 164
10 145
10 393
10 61
10 228
10 245
10 230
10 23
10 334
10 268
10 460
10 192
10 349
10 390
10 338
10 111
10 148
10 463
10 267
10 1
10 98
10 100
10 468
10 281
10 18
10 243
10 404
10 68
10 16
10 236
10 82
10 267
10 372
10 216
10 222
10 235
10 466
10 442
10 452
10 90
10 483
10 200
10 290
10 101
10 370
10 251
10 102
10 415
10 221
10 275
10 313
10 32
10 453
10 259
10 335
10 384
10 178
10 405
10 415
10 162
10 286
10 141
10 381
10 360
10 29
10 416
10 301
10 490
10 416
10 373
10 47
10 165
10 394
10 409
10 95
10 352
10 444
10 303
10 399
10 71
10 203
10 316
10 2
10 265
10 334
10 271
10 28
10 335
10 252
10 356
10 332
10 403
10 461
10 6
10 478
10 309
10 240
10 208
10 471
10 390
10 256
10 224
10 475
10 213
10 66
10 379
10 56
10 246
10 26
10 144
10 462
10 410
10 298
10 363
10 342
10 366
10 80
10 96
10 485
10 296
10 370
10 260
10 55
10 151
10 245
10 301
10 416
10 11
10 459
10 312
10 338
10 487
10 438
10 177
10 361
10 418
10 385
10 137
10 5
10 419
10 410
10 129
10 70
10 389
10 227
10 344
10 441
10 178
10 191
10 136
10 174
10 486
10 178
10 20
10 398
10 169
10 122
10 386
10 149
10 275
10 48
10 104
10 210
10 372
10 401
10 18
10 263
10 146
10 188
10 90
10 446
10 70
10 236
10 167
10 138
10 331
10 184
10 73
10 14
10 449
10 178
10 349
10 128
10 26
10 486
10 465
10 63
10 150
10 107
10 52
10 230
10 432
10 464
10 492
10 57
10 15
10 208
10 161
10 373
10 181
10 133
10 428
10 84
10 459
10 408
10 400
10 150
10 304
10 112
10 84
10 413
10 41
10 179
10 156
10 277
10 187
10 58
10 391
10 444
10 187
10 355
10 261
10 437
10 379
10 64
10 240
10 82
10 215
10 265
10 412
10 144
10 298
10 26
10 10
10 40
10 400
10 249
10 166
10 160
10 26
10 49
10 435
10 416
10 219
10 33
10 319
10 61
10 336
10 329
10 269
10 337
10 244
10 205
10 343
10 424
10 332
10 325
10 362
10 280
10 332
10 362
10 399
10 208
10 61
10 306
10 298
10 305
10 323
10 280
10 484
10 285
10 162
10 93
10 396
10 85
10 221
10 379
10 120
10 440
10 143
10 242
10 255
10 341
10 69
10 254
10 96
10 91
10 483
10 50
10 224
10 137
10 391
10 355
10 280
10 80
10 159
10 444
10 128
10 6
10 455
10 214
10 384
10 111
10 186
10 14
10 3
10 439
10 40
10 268
10 98
10 354
10 347
10 438
10 406
10 170
10 166
10 380
10 1
10 210
10 416
10 186
10 183
10 280
10 402
10 259
10 353
10 458
10 120
10 161
10 202
10 489
10 40
10 152
10 101
10 271
10 86
10 141
10 257
10 207
10 252
10 190
10 399
10 231
10 241
10 211
10 319
10 23
10 256
10 194
10 81
10 363
10 333
10 159
10 219
10 137
10 82
10 409
10 222
10 343
10 348
10 56
10 131
10 209
10 9
10 241
10 423
10 55
10 388
10 228
10 13
10 147
10 151
10 390
10 28
10 336
10 144
10 301
10 171
10 420
10 458
10 166
10 164
10 105
10 15
10 307
10 56
10 303
10 134
10 109
10 361
10 78
10 163
10 66
10 136
10 317
10 385
10 304
10 296
10 41
10 420
10 244
10 498
10 264
10 304
10 134
10 108
10 252
10 284
10 228
10 290
10 419
10 300
10 282
10 215
10 150
10 235
10 486
10 358
10 290
10 461
10 62
10 60
10 55
10 349
10 301
10 376
10 94
10 459
10 23
10 47
10 28
10 70
10 410
10 105
10 86
10 269
10 268
10 102
10 125
10 488
10 390
10 382
10 323
10 90
10 254
10 85
10 244
10 301
10 1
10 477
10 266
10 70
10 466
10 495
10 363
10 485
10 23
10 252
10 274
10 349
10 298
10 40
10 337
10 153
10 141
10 275
10 423
10 445
10 43
10 113
10 33
10 346
10 235
10 179
10 216
10 320
10 443
10 443
10 303
10 277
10 132
10 438
10 101
10 96
10 219
10 2
10 49
10 462
10 136
10 147
10 74
10 92
10 338
10 398
10 86
10 200
10 323
10 479
10 89
10 320
10 146
10 339
10 423
10 488
10 338
10 237
10 270
10 73
10 343
10 112
10 230
10 161
10 301
10 470
10 480
10 421
10 81
10 109
10 340
10 337
10 3
10 384
10 497
10 177
10 15
10 190
10 320
10 147
10 450
10 244
10 7
10 461
10 256
10 198
10 137
10 221
10 146
10 59
10 134
10 229
10 14
10 405
10 433
10 57
10 212
10 359
10 59
10 428
10 161
10 125
10 72
10 368
10 283
10 180
10 472
10 378
10 308
10 32
10 145
10 246
10 27
10 150
10 271
10 291
10 395
10 443
10 304
10 356
10 88
10 386
10 495
10 340
10 354
10 204
10 71
10 484
10 360
10 430
10 296
10 192
10 200
10 177
10 134
10 303
10 274
10 316
10 353
10 175
10 323
10 26
10 355
10 172
10 369
10 469
10 313
10 368
10 136
10 388
10 102
10 205
10 221
10 186
10 36
10 253
10 493
10 421
10 95
10 306
10 142
10 205
10 246
10 297
10 223
10 164
10 105
10 483
10 407
10 121
10 67
10 119
10 12
10 115
10 185
10 168
10 180
10 25
10 339
10 137
10 452
10 40
10 104
10 286
10 354
10 257
10 5
10 298
10 447
10 427
10 369
10 430
10 330
10 60
10 239
10 473
10 31
10 41
10 110
10 420
10 281
10 42
10 447
10 359
10 364
10 342
10 452
10 354
10 318
10 17
10 415
10 322
10 115
10 18
10 86
10 286
10 228
10 470
10 144
10 369
10 376
10 256
10 160
10 326
10 94
10 246
10 499
10 168
10 467
10 297
10 484
10 445
10 295
10 101
10 157
10 455
10 344
10 344
10 87
10 298
10 343
10 198
10 95
10 231
10 172
10 255
10 360
10 322
10 229
10 9
10 363
10 144
10 445
10 423
10 28
10 37
10 210
10 496
10 376
10 467
10 211
10 37
10 26
10 69
10 443
10 251
10 332
10 144
10 35
10 491
10 105
10 382
10 252
10 376
10 376
10 265
10 429
10 102
10 20
10 199
10 244
10 239
10 70
10 491
10 326
10 488
10 289
10 1
10 407
10 284
10 78
10 494
10 460
10 129
10 282
10 453
10 215
10 336
10 366
10 5
10 171
10 482
10 127
10 116
10 219
10 220
10 348
10 433
10 276
10 408
10 337
10 186
10 476
10 19
10 398
10 107
10 101
10 382
10 297
10 340
10 126
10 8
10 191
10 40
10 405
10 251
10 411
10 349
10 237
10 161
10 268
10 166
10 4
10 497
10 100
10 158
10 45
10 257
10 219
10 139
10 468
10 447
10 352
10 192
10 198
10 112
10 428
10 79
10 439
10 412
10 114
10 472
10 310
10 21
10 446
10 246
10 181
10 139
10 53
10 153
10 175
10 75
10 161
10 168
10 51
10 264
10 371
10 91
10 385
10 414
10 260
10 386
10 377
10 141
10 338
10 415
10 49
10 145
10 15
10 212
10 26
10 203
10 53
10 157
10 173
10 257
10 451
10 414
10 320
10 486
10 388
10 251
10 162
10 427
10 360
10 69
10 127
10 328
10 456
10 237
10 203
10 134
10 153
10 197
10 475
10 366
10 396
10 438
10 328
10 347
10 364
10 453
10 76
10 256
10 282
10 254
10 58
10 160
10 51
10 13
10 426
10 84
10 301
10 306
10 336
10 176
10 24
10 68
10 214
10 448
10 146
10 63
10 347
10 416
10 341
10 11
10 377
10 53
10 468
10 201
10 375
10 331
10 218
10 217
10 311
10 134
10 333
10 70
10 371
10 165
10 224
10 404
10 369
10 212
10 100
10 119
10 213
10 123
10 331
10 334
10 312
10 414
10 113
10 400
10 37
10 390
10 208
10 42
10 203
10 115
10 154
10 130
10 77
10 202
10 465
10 154
10 488
10 168
10 22
10 135
10 196
10 304
10 239
10 425
10 17
10 309
10 391
10 38
10 491
10 52
10 427
10 410
10 383
10 8
10 358
10 75
10 428
10 68
10 402
10 311
10 418
10 282
10 45
10 499
10 135
10 74
10 262
10 232
10 158
10 47
10 480
10 473
10 216
10 73
10 174
10 21
10 274
10 73
10 75
10 474
10 306
10 377
10 388
10 346
10 347
10 37
10 464
10 465
10 310
10 257
10 103
10 361
10 477
10 20
10 23
10 88
10 347
10 436
10 399
10 149
10 168
10 157
10 423
10 202
10 52
10 332
10 271
10 307
10 233
10 87
10 446
10 477
10 162
10 345
10 167
10 70
10 164
10 150
10 291
10 318
10 384
10 259
10 320
10 418
10 226
10 319
10 139
10 431
10 46
10 70
10 130
10 487
10 454
10 201
10 275
10 352
10 471
10 376
10 152
10 289
10 71
10 450
10 115
10 344
10 227
10 102
10 247
10 468
10 395
10 491
10 137
10 202
10 60
10 421
10 207
10 302
10 108
10 432
10 64
10 102
10 185
10 167
10 350
10 216
10 101
10 49
10 221
10 31
10 208
10 208
10 167
10 310
10 365
10 274
10 348
10 79
10 378
10 67
10 485
10 229
10 255
10 468
10 426
10 393
10 121
10 206
10 454
10 496
10 424
10 372
10 454
10 101
10 498
10 37
10 222
10 43
10 483
10 135
10 39
10 30
10 67
10 386
10 203
10 184
10 214
10 353
10 435
10 124
10 351
10 487
10 24
10 42
10 399
10 403
10 180
10 162
10 486
10 428
10 426
10 96
10 344
10 419
10 120
10 444
10 300
10 439
10 12
10 369
10 305
10 485
10 353
10 229
10 163
10 169
10 213
10 425
10 355
10 12
10 123
10 184
10 119
10 322
10 30
10 279
10 134
10 176
10 201
10 168
10 127
10 479
10 23
10 242
10 477
10 165
10 400
10 115
10 52
10 187
10 307
10 455
10 294
10 1
10 28
10 151
10 69
10 171
10 41
10 17
10 290
10 320
10 364
10 149
10 233
10 272
10 475
10 322
10 424
10 273
10 403
10 172
10 225
10 76
10 474
10 304
10 268
10 329
10 4
10 41
10 106
10 254
10 499
10 345
10 116
10 333
10 406
10 460
10 428
10 261
10 340
10 420
10 88
10 372
10 401
10 30
10 499
10 175
10 61
10 79
10 474
10 228
10 215
10 395
10 135
10 215
10 266
10 159
10 205
10 397
10 428
10 423
10 7
10 402
10 152
10 307
10 89
10 279
10 61
10 238
10 477
10 416
10 380
10 41
10 118
10 143
10 22
10 375
10 369
10 22
10 244
10 11
10 215
10 189
10 328
10 296
10 298
10 277
10 305
10 480
10 19
10 378
10 194
10 46
10 44
10 60
10 228
10 198
10 97
10 117
10 442
10 406
10 249
10 30
10 55
10 30
10 224
10 14
10 46
10 224
10 429
10 412
10 461
10 2
10 342
10 469
10 395
10 66
10 10
10 253
10 161
10 418
10 354
10 253
10 379
10 313
10 192
10 42
10 324
10 310
10 160
10 32
10 328
10 75
10 448
10 292
10 118
10 405
10 278
10 75
10 254
10 323
10 366
10 483
10 40
10 123
10 338
10 396
10 77
10 451
10 284
10 234
10 36
10 424
10 302
10 147
10 499
10 331
10 68
10 207
10 282
10 421
10 400
10 453
10 33
10 442
10 14
10 279
10 290
10 417
10 487
10 453
10 179
10 153
10 348
10 350
10 114
10 185
10 69
10 429
10 457
10 21
10 446
10 184
10 211
10 367
10 387
10 292
10 484
10 227
10 91
10 346
10 285
10 496
10 4
10 122
10 222
10 250
10 181
10 260
10 88
10 237
10 22
10 90
10 221
10 311
10 430
10 54
10 66
10 98
10 197
10 158
10 361
10 373
10 464
10 304
10 152
10 108
10 211
10 57
10 58
10 443
10 363
10 105
10 122
10 357
10 140
10 426
10 81
10 228
10 484
10 16
10 370
10 116
10 471
10 470
10 7
10 428
10 353
10 417
10 76
10 401
10 473
10 15
10 371
10 261
10 420
10 481
10 101
10 223
10 388
10 379
10 239
10 145
10 209
10 170
10 65
10 201
10 247
10 38
10 89
10 244
10 395
10 177
10 356
10 20
10 23
10 101
10 82
10 465
10 272
10 139
10 196
10 314
10 403
10 430
10 49
10 216
10 352
10 393
10 424
10 36
10 196
10 50
10 41
10 221
10 334
10 412
10 190
10 279
10 245
10 4
10 131
10 244
10 237
10 467
10 287
10 446
10 453
10 144
10 42
10 411
10 241
10 70
10 84
10 432
10 195
10 249
10 118
10 349
10 346
10 185
10 178
10 287
10 130
10 235
10 494
10 477
10 416
10 275
10 48
10 420
10 225
10 346
10 372
10 72
10 198
10 92
10 251
10 231
10 345
10 414
10 469
10 281
10 284
10 208
10 403
10 118
10 366
10 432
10 58
10 434
10 278
10 293
10 303
10 308
10 194
10 73
10 9
10 273
10 480
10 269
10 77
10 256
10 49
10 125
10 145
10 165
10 247
10 39
10 421
10 115
10 346
10 25
10 156
10 459
10 457
10 369
10 15
10 208
10 337
10 498
10 65
10 458
10 146
10 212
10 431
10 280
10 55
10 335
10 480
10 51
10 63
10 208
10 457
10 286
10 459
10 7
10 409
10 224
10 165
10 289
10 194
10 481
10 445
10 317
10 66
10 129
10 183
10 426
10 368
10 459
10 95
10 367
10 498
10 167
10 409
10 288
10 303
10 264
10 340
10 314
10 357
10 321
10 378
10 368
10 469
10 132
10 43
10 417
10 97
10 323
10 425
10 297
10 218
10 354
10 362
10 73
10 24
10 121
10 211
10 351
10 2
10 119
10 236
10 423
10 261
10 389
10 51
10 369
10 294
10 125
10 232
10 193
10 366
10 136
10 386
10 361
10 40
10 443
10 291
10 318
10 346
10 259
10 185
10 200
10 101
10 216
10 102
10 247
10 116
10 323
10 18
10 115
10 380
10 340
10 36
10 298
10 293
10 355
10 213
10 130
10 330
10 99
10 249
10 147
10 371
10 201
10 326
10 110
10 301
10 308
10 138
10 474
10 425
10 377
10 314
10 123
10 425
10 365
10 401
10 27
10 202
10 378
10 283
10 485
10 175
10 324
10 306
10 157
10 288
10 389
10 60
10 79
10 50
10 389
10 429
10 488
10 451
10 150
10 206
10 1
10 41
10 394
10 176
10 326
10 385
10 9
10 106
10 69
10 182
10 61
10 174
10 398
10 229
10 282
10 11
10 254
10 199
10 408
10 37
10 208
10 67
10 144
10 324
10 212
10 269
10 481
10 272
10 98
10 220
10 199
10 118
10 40
10 244
10 225
10 12
10 53
10 465
10 44
10 410
10 173
10 433
10 96
10 383
10 99
10 113
10 265
10 204
10 176
10 251
10 115
10 88
10 469
10 389
10 432
10 279
10 438
10 48
10 204
10 221
10 483
10 313
10 406
10 383
10 200
10 170
10 201
10 279
10 174
10 227
10 496
10 326
10 101
10 47
10 76
10 436
10 287
10 476
10 114
10 161
10 482
10 161
10 358
10 260
10 1
10 75
10 291
10 398
10 217
10 452
10 467
10 13
10 365
10 488
10 70
10 234
10 235
10 257
10 363
10 23
10 134
10 382
10 311
10 104
10 378
10 352
10 188
10 470
10 247
10 434
10 435
10 150
10 70
10 103
10 312
10 204
10 227
10 270
10 401
10 441
10 258
10 355
10 443
10 323
10 435
10 170
10 201
10 388
10 171
10 105
10 346
10 445
10 290
10 456
10 43
10 158
10 104
10 14
10 203
10 422
10 439
10 2
10 88
10 341
10 297
10 406
10 471
10 34
10 84
10 390
10 138
10 137
10 91
10 431
10 372
10 478
10 121
10 436
10 423
10 28
10 458
10 268
10 494
10 363
10 316
10 34
10 197
10 343
10 9
10 194
10 434
10 156
10 291
10 93
10 483
10 171
10 225
10 430
10 161
10 59
10 72
10 253
10 135
10 316
10 151
10 460
10 381
10 317
10 278
10 496
10 43
10 276
10 436
10 5
10 151
10 482
10 172
10 71
10 209
10 208
10 195
10 351
10 280
10 20
10 436
10 11
10 413
10 458
10 483
10 485
10 41
10 407
10 18
10 112
10 378
10 157
10 311
10 43
10 494
10 42
10 21
10 343
10 286
10 271
10 69
10 366
10 277
10 57
10 432
10 82
10 325
10 30
10 289
10 66
10 160
10 192
10 217
10 317
10 110
10 466
10 286
10 315
10 195
10 74
10 375
10 70
10 451
10 202
10 194
10 202
10 190
10 74
10 462
10 317
10 463
10 418
10 374
10 234
10 116
10 147
10 222
10 28
10 140
10 141
10 158
10 78
10 4
10 156
10 241
10 201
10 1
10 34
10 270
10 480
10 139
10 189
10 253
10 438
10 179
10 126
10 121
10 472
10 277
10 297
10 110
10 480
10 247
10 458
10 401
10 253
10 27
10 348
10 31
10 444
10 276
10 268
10 360
10 115
10 154
10 246
10 127
10 199
10 121
10 176
10 394
10 387
10 365
10 449
10 23
10 459
10 123
10 395
10 72
10 83
10 416
10 125
10 97
10 397
10 462
10 381
10 83
10 48
10 10
10 53
10 491
10 225
10 164
10 248
10 168
10 232
10 68
10 331
10 126
10 247
10 486
10 357
10 109
10 382
10 138
10 197
10 243
10 238
10 438
10 355
10 76
10 338
10 75
10 419
10 414
10 262
10 336
10 132
10 447
10 283
10 106
10 115
10 49
10 413
10 132
10 181
10 320
10 463
10 92
10 463
10 474
10 317
10 309
10 210
10 253
10 57
10 237
10 231
10 401
10 221
10 133
10 487
10 332
10 361
10 229
10 84
10 299
10 195
10 381
10 450
10 221
10 472
10 34
10 387
10 141
10 442
10 168
10 213
10 13
10 459
10 192
10 283
10 45
10 444
10 182
10 55
10 395
10 36
