0 10 17 335 0 0
10 20 97 183 0 0
20 30 199 639 0 0
30 40 80 344 0 0
40 50 206 303 0 0
50 60 226 313 0 0
60 70 420 804 0 0
70 80 73 84 0 0
80 90 441 727 0 0
90 100 37 286 0 0
0 10 1328 1335 0 0
10 20 1263 1580 0 0
20 30 1066 1534 0 0
30 40 1029 1399 0 0
40 50 1086 1532 0 0
50 60 1455 1928 0 0
60 70 1279 1775 0 0
70 80 1026 1240 0 0
80 90 1468 1821 0 0
90 100 1457 1578 0 0
0 10 2168 2619 0 0
10 20 2261 2453 0 0
20 30 2136 2628 0 0
30 40 2279 2382 0 0
40 50 2144 2239 0 0
50 60 2342 2536 0 0
60 70 2467 2901 0 0
70 80 2377 2446 0 0
80 90 2351 2690 0 0
90 100 2028 2088 0 0
