0 10 16 177 0 0
10 20 463 542 0 0
20 30 412 597 0 0
30 40 452 924 0 0
40 50 403 568 0 0
50 60 22 143 0 0
60 70 477 531 0 0
70 80 290 588 0 0
80 90 333 434 0 0
90 100 336 481 0 0
100 110 308 333 0 0
110 120 128 614 0 0
120 130 259 581 0 0
130 140 322 498 0 0
140 150 102 219 0 0
150 160 106 286 0 0
160 170 480 837 0 0
170 180 360 697 0 0
180 190 285 484 0 0
190 200 172 525 0 0
200 210 239 609 0 0
210 220 417 528 0 0
220 230 500 747 0 0
230 240 120 491 0 0
240 250 99 220 0 0
250 260 446 674 0 0
260 270 260 596 0 0
270 280 255 327 0 0
280 290 174 470 0 0
290 300 207 314 0 0
300 310 384 387 0 0
310 320 384 879 0 0
320 330 193 453 0 0
330 340 441 606 0 0
340 350 353 392 0 0
350 360 275 677 0 0
360 370 26 173 0 0
370 380 400 477 0 0
380 390 223 229 0 0
390 400 205 651 0 0
400 410 188 538 0 0
410 420 218 372 0 0
420 430 375 485 0 0
430 440 168 519 0 0
440 450 331 537 0 0
450 460 385 468 0 0
460 470 464 839 0 0
470 480 236 595 0 0
480 490 152 369 0 0
490 500 282 580 0 0
500 510 196 259 0 0
510 520 373 436 0 0
520 530 497 770 0 0
530 540 388 668 0 0
540 550 41 513 0 0
550 560 235 428 0 0
560 570 460 835 0 0
570 580 487 845 0 0
580 590 38 336 0 0
590 600 272 538 0 0
600 610 220 369 0 0
610 620 469 892 0 0
620 630 459 685 0 0
630 640 75 443 0 0
640 650 102 376 0 0
650 660 295 459 0 0
660 670 197 520 0 0
670 680 9 138 0 0
680 690 191 346 0 0
690 700 268 752 0 0
700 710 69 408 0 0
710 720 329 818 0 0
720 730 497 502 0 0
730 740 334 538 0 0
740 750 210 692 0 0
750 760 182 283 0 0
760 770 285 561 0 0
770 780 462 480 0 0
780 790 255 684 0 0
790 800 53 380 0 0
800 810 471 896 0 0
810 820 56 365 0 0
820 830 191 650 0 0
830 840 241 509 0 0
840 850 255 595 0 0
850 860 408 809 0 0
860 870 272 553 0 0
870 880 248 601 0 0
880 890 218 581 0 0
890 900 370 740 0 0
900 910 249 634 0 0
910 920 489 645 0 0
920 930 274 457 0 0
930 940 40 130 0 0
940 950 396 840 0 0
950 960 277 370 0 0
960 970 249 320 0 0
970 980 477 808 0 0
980 990 124 125 0 0
990 1000 416 876 0 0
0 10 1287 1595 0 0
10 20 1279 1474 0 0
20 30 1263 1673 0 0
30 40 1459 1837 0 0
40 50 1055 1407 0 0
50 60 1189 1503 0 0
60 70 1443 1644 0 0
70 80 1067 1349 0 0
80 90 1253 1396 0 0
90 100 1010 1182 0 0
100 110 1226 1361 0 0
110 120 1155 1245 0 0
120 130 1495 1901 0 0
130 140 1350 1689 0 0
140 150 1340 1561 0 0
150 160 1276 1601 0 0
160 170 1024 1198 0 0
170 180 1174 1234 0 0
180 190 1295 1644 0 0
190 200 1377 1740 0 0
200 210 1464 1732 0 0
210 220 1232 1272 0 0
220 230 1463 1603 0 0
230 240 1095 1343 0 0
240 250 1148 1307 0 0
250 260 1283 1678 0 0
260 270 1233 1731 0 0
270 280 1306 1627 0 0
280 290 1299 1431 0 0
290 300 1147 1386 0 0
300 310 1287 1395 0 0
310 320 1394 1661 0 0
320 330 1076 1247 0 0
330 340 1172 1185 0 0
340 350 1307 1804 0 0
350 360 1332 1713 0 0
360 370 1219 1280 0 0
370 380 1162 1183 0 0
380 390 1311 1716 0 0
390 400 1034 1503 0 0
400 410 1291 1694 0 0
410 420 1168 1516 0 0
420 430 1303 1542 0 0
430 440 1265 1361 0 0
440 450 1078 1520 0 0
450 460 1347 1494 0 0
460 470 1486 1570 0 0
470 480 1256 1437 0 0
480 490 1159 1427 0 0
490 500 1440 1861 0 0
500 510 1448 1664 0 0
510 520 1321 1813 0 0
520 530 1214 1268 0 0
530 540 1042 1486 0 0
540 550 1193 1446 0 0
550 560 1484 1568 0 0
560 570 1009 1507 0 0
570 580 1425 1922 0 0
580 590 1477 1656 0 0
590 600 1103 1179 0 0
600 610 1307 1623 0 0
610 620 1146 1616 0 0
620 630 1344 1658 0 0
630 640 1108 1387 0 0
640 650 1247 1370 0 0
650 660 1194 1587 0 0
660 670 1042 1208 0 0
670 680 1270 1628 0 0
680 690 1295 1569 0 0
690 700 1348 1431 0 0
700 710 1202 1507 0 0
710 720 1304 1548 0 0
720 730 1336 1695 0 0
730 740 1494 1956 0 0
740 750 1444 1870 0 0
750 760 1224 1437 0 0
760 770 1052 1114 0 0
770 780 1393 1717 0 0
780 790 1067 1510 0 0
790 800 1198 1633 0 0
800 810 1253 1494 0 0
810 820 1333 1417 0 0
820 830 1243 1581 0 0
830 840 1452 1944 0 0
840 850 1080 1112 0 0
850 860 1162 1490 0 0
860 870 1079 1202 0 0
870 880 1155 1192 0 0
880 890 1427 1537 0 0
890 900 1491 1553 0 0
900 910 1241 1473 0 0
910 920 1267 1472 0 0
920 930 1147 1320 0 0
930 940 1458 1799 0 0
940 950 1184 1653 0 0
950 960 1022 1235 0 0
960 970 1152 1328 0 0
970 980 1093 1191 0 0
980 990 1161 1346 0 0
990 1000 1456 1884 0 0
0 10 2412 2738 0 0
10 20 2248 2396 0 0
20 30 2123 2566 0 0
30 40 2057 2080 0 0
40 50 2078 2457 0 0
50 60 2158 2497 0 0
60 70 2450 2636 0 0
70 80 2407 2615 0 0
80 90 2324 2454 0 0
90 100 2296 2324 0 0
100 110 2124 2509 0 0
110 120 2369 2724 0 0
120 130 2355 2501 0 0
130 140 2134 2469 0 0
140 150 2142 2616 0 0
150 160 2431 2609 0 0
160 170 2445 2658 0 0
170 180 2170 2244 0 0
180 190 2379 2684 0 0
190 200 2187 2621 0 0
200 210 2017 2081 0 0
210 220 2480 2939 0 0
220 230 2245 2431 0 0
230 240 2041 2057 0 0
240 250 2118 2480 0 0
250 260 2314 2388 0 0
260 270 2247 2609 0 0
270 280 2208 2574 0 0
280 290 2475 2539 0 0
290 300 2419 2499 0 0
300 310 2338 2690 0 0
310 320 2450 2721 0 0
320 330 2458 2875 0 0
330 340 2497 2655 0 0
340 350 2385 2806 0 0
350 360 2141 2192 0 0
360 370 2110 2598 0 0
370 380 2018 2428 0 0
380 390 2425 2834 0 0
390 400 2356 2635 0 0
400 410 2124 2145 0 0
410 420 2408 2689 0 0
420 430 2338 2629 0 0
430 440 2236 2696 0 0
440 450 2102 2196 0 0
450 460 2153 2414 0 0
460 470 2460 2472 0 0
470 480 2475 2902 0 0
480 490 2228 2253 0 0
490 500 2251 2630 0 0
500 510 2220 2285 0 0
510 520 2284 2740 0 0
520 530 2219 2542 0 0
530 540 2160 2177 0 0
540 550 2232 2321 0 0
550 560 2444 2801 0 0
560 570 2135 2420 0 0
570 580 2094 2291 0 0
580 590 2481 2697 0 0
590 600 2379 2671 0 0
600 610 2381 2481 0 0
610 620 2197 2638 0 0
620 630 2377 2666 0 0
630 640 2184 2293 0 0
640 650 2147 2517 0 0
650 660 2318 2397 0 0
660 670 2339 2356 0 0
670 680 2201 2517 0 0
680 690 2178 2257 0 0
690 700 2047 2266 0 0
700 710 2436 2767 0 0
710 720 2359 2663 0 0
720 730 2119 2285 0 0
730 740 2263 2580 0 0
740 750 2218 2375 0 0
750 760 2123 2222 0 0
760 770 2008 2356 0 0
770 780 2482 2815 0 0
780 790 2442 2805 0 0
790 800 2249 2258 0 0
800 810 2174 2308 0 0
810 820 2187 2568 0 0
820 830 2366 2502 0 0
830 840 2053 2475 0 0
840 850 2311 2757 0 0
850 860 2147 2636 0 0
860 870 2089 2143 0 0
870 880 2188 2666 0 0
880 890 2177 2355 0 0
890 900 2081 2544 0 0
900 910 2386 2787 0 0
910 920 2425 2812 0 0
920 930 2235 2290 0 0
930 940 2262 2407 0 0
940 950 2096 2438 0 0
950 960 2092 2458 0 0
960 970 2207 2285 0 0
970 980 2416 2667 0 0
980 990 2074 2499 0 0
990 1000 2195 2592 0 0
0 10 3277 3600 0 0
10 20 3124 3299 0 0
20 30 3123 3500 0 0
30 40 3211 3252 0 0
40 50 3140 3553 0 0
50 60 3384 3868 0 0
60 70 3171 3196 0 0
70 80 3003 3450 0 0
80 90 3190 3308 0 0
90 100 3441 3914 0 0
100 110 3150 3564 0 0
110 120 3105 3450 0 0
120 130 3013 3242 0 0
130 140 3219 3479 0 0
140 150 3064 3301 0 0
150 160 3476 3499 0 0
160 170 3128 3450 0 0
170 180 3165 3305 0 0
180 190 3169 3463 0 0
190 200 3477 3480 0 0
200 210 3321 3453 0 0
210 220 3403 3577 0 0
220 230 3151 3576 0 0
230 240 3319 3576 0 0
240 250 3349 3781 0 0
250 260 3206 3356 0 0
260 270 3077 3079 0 0
270 280 3257 3441 0 0
280 290 3234 3550 0 0
290 300 3339 3692 0 0
300 310 3212 3324 0 0
310 320 3217 3446 0 0
320 330 3167 3179 0 0
330 340 3492 3864 0 0
340 350 3455 3897 0 0
350 360 3390 3392 0 0
360 370 3217 3460 0 0
370 380 3310 3611 0 0
380 390 3414 3909 0 0
390 400 3084 3334 0 0
400 410 3424 3771 0 0
410 420 3393 3650 0 0
420 430 3123 3226 0 0
430 440 3333 3765 0 0
440 450 3453 3902 0 0
450 460 3447 3548 0 0
460 470 3493 3601 0 0
470 480 3266 3288 0 0
480 490 3441 3933 0 0
490 500 3113 3463 0 0
500 510 3055 3522 0 0
510 520 3238 3356 0 0
520 530 3437 3629 0 0
530 540 3099 3254 0 0
540 550 3186 3453 0 0
550 560 3311 3641 0 0
560 570 3465 3570 0 0
570 580 3149 3283 0 0
580 590 3371 3391 0 0
590 600 3294 3654 0 0
600 610 3370 3753 0 0
610 620 3104 3131 0 0
620 630 3000 3071 0 0
630 640 3355 3746 0 0
640 650 3151 3236 0 0
650 660 3499 3588 0 0
660 670 3343 3386 0 0
670 680 3316 3317 0 0
680 690 3345 3491 0 0
690 700 3200 3657 0 0
700 710 3044 3068 0 0
710 720 3135 3504 0 0
720 730 3366 3442 0 0
730 740 3355 3672 0 0
740 750 3191 3682 0 0
750 760 3385 3731 0 0
760 770 3299 3728 0 0
770 780 3009 3426 0 0
780 790 3457 3598 0 0
790 800 3129 3508 0 0
800 810 3293 3632 0 0
810 820 3256 3616 0 0
820 830 3088 3167 0 0
830 840 3119 3429 0 0
840 850 3496 3776 0 0
850 860 3415 3484 0 0
860 870 3019 3171 0 0
870 880 3364 3545 0 0
880 890 3030 3184 0 0
890 900 3287 3580 0 0
900 910 3292 3425 0 0
910 920 3479 3839 0 0
920 930 3461 3743 0 0
930 940 3209 3353 0 0
940 950 3012 3028 0 0
950 960 3408 3605 0 0
960 970 3289 3586 0 0
970 980 3384 3860 0 0
980 990 3105 3427 0 0
990 1000 3471 3693 0 0
0 10 4247 4403 0 0
10 20 4087 4365 0 0
20 30 4064 4131 0 0
30 40 4249 4601 0 0
40 50 4107 4440 0 0
50 60 4312 4785 0 0
60 70 4031 4442 0 0
70 80 4079 4340 0 0
80 90 4051 4401 0 0
90 100 4412 4554 0 0
100 110 4360 4552 0 0
110 120 4001 4269 0 0
120 130 4259 4580 0 0
130 140 4448 4923 0 0
140 150 4272 4607 0 0
150 160 4320 4445 0 0
160 170 4320 4674 0 0
170 180 4297 4371 0 0
180 190 4337 4382 0 0
190 200 4119 4380 0 0
200 210 4031 4197 0 0
210 220 4030 4062 0 0
220 230 4070 4358 0 0
230 240 4119 4606 0 0
240 250 4435 4440 0 0
250 260 4091 4106 0 0
260 270 4393 4753 0 0
270 280 4365 4391 0 0
280 290 4297 4769 0 0
290 300 4009 4020 0 0
300 310 4446 4623 0 0
310 320 4212 4483 0 0
320 330 4255 4469 0 0
330 340 4145 4379 0 0
340 350 4132 4187 0 0
350 360 4387 4546 0 0
360 370 4227 4564 0 0
370 380 4310 4762 0 0
380 390 4438 4445 0 0
390 400 4500 4529 0 0
400 410 4466 4652 0 0
410 420 4158 4518 0 0
420 430 4279 4360 0 0
430 440 4380 4388 0 0
440 450 4469 4779 0 0
450 460 4429 4497 0 0
460 470 4219 4361 0 0
470 480 4128 4295 0 0
480 490 4222 4340 0 0
490 500 4285 4604 0 0
500 510 4458 4890 0 0
510 520 4224 4695 0 0
520 530 4174 4249 0 0
530 540 4438 4586 0 0
540 550 4343 4594 0 0
550 560 4050 4319 0 0
560 570 4185 4585 0 0
570 580 4318 4421 0 0
580 590 4041 4303 0 0
590 600 4248 4304 0 0
600 610 4016 4292 0 0
610 620 4105 4245 0 0
620 630 4002 4173 0 0
630 640 4366 4526 0 0
640 650 4112 4595 0 0
650 660 4155 4553 0 0
660 670 4214 4572 0 0
670 680 4368 4450 0 0
680 690 4287 4436 0 0
690 700 4418 4676 0 0
700 710 4082 4555 0 0
710 720 4181 4415 0 0
720 730 4487 4935 0 0
730 740 4248 4252 0 0
740 750 4408 4490 0 0
750 760 4336 4422 0 0
760 770 4416 4627 0 0
770 780 4078 4442 0 0
780 790 4319 4436 0 0
790 800 4233 4319 0 0
800 810 4051 4076 0 0
810 820 4237 4416 0 0
820 830 4041 4298 0 0
830 840 4253 4545 0 0
840 850 4156 4481 0 0
850 860 4395 4400 0 0
860 870 4223 4460 0 0
870 880 4324 4491 0 0
880 890 4012 4059 0 0
890 900 4211 4398 0 0
900 910 4259 4719 0 0
910 920 4233 4707 0 0
920 930 4404 4876 0 0
930 940 4096 4229 0 0
940 950 4456 4779 0 0
950 960 4120 4263 0 0
960 970 4207 4667 0 0
970 980 4211 4501 0 0
980 990 4248 4556 0 0
990 1000 4028 4050 0 0
0 10 5191 5524 0 0
10 20 5291 5389 0 0
20 30 5223 5280 0 0
30 40 5419 5746 0 0
40 50 5086 5108 0 0
50 60 5110 5519 0 0
60 70 5389 5813 0 0
70 80 5135 5440 0 0
80 90 5086 5521 0 0
90 100 5406 5637 0 0
100 110 5077 5165 0 0
110 120 5278 5763 0 0
120 130 5210 5574 0 0
130 140 5071 5374 0 0
140 150 5446 5673 0 0
150 160 5018 5468 0 0
160 170 5469 5877 0 0
170 180 5152 5456 0 0
180 190 5172 5666 0 0
190 200 5172 5453 0 0
200 210 5129 5134 0 0
210 220 5453 5564 0 0
220 230 5330 5353 0 0
230 240 5464 5797 0 0
240 250 5210 5256 0 0
250 260 5064 5401 0 0
260 270 5456 5800 0 0
270 280 5112 5518 0 0
280 290 5173 5531 0 0
290 300 5123 5160 0 0
300 310 5142 5423 0 0
310 320 5307 5554 0 0
320 330 5422 5581 0 0
330 340 5299 5623 0 0
340 350 5441 5934 0 0
350 360 5114 5548 0 0
360 370 5255 5515 0 0
370 380 5032 5239 0 0
380 390 5093 5167 0 0
390 400 5424 5635 0 0
400 410 5143 5288 0 0
410 420 5376 5802 0 0
420 430 5333 5797 0 0
430 440 5014 5374 0 0
440 450 5303 5706 0 0
450 460 5394 5578 0 0
460 470 5402 5671 0 0
470 480 5376 5635 0 0
480 490 5395 5590 0 0
490 500 5409 5680 0 0
500 510 5131 5541 0 0
510 520 5014 5120 0 0
520 530 5243 5263 0 0
530 540 5061 5382 0 0
540 550 5273 5516 0 0
550 560 5069 5528 0 0
560 570 5243 5654 0 0
570 580 5059 5325 0 0
580 590 5331 5412 0 0
590 600 5182 5429 0 0
600 610 5038 5168 0 0
610 620 5351 5660 0 0
620 630 5134 5457 0 0
630 640 5318 5688 0 0
640 650 5203 5321 0 0
650 660 5326 5761 0 0
660 670 5274 5546 0 0
670 680 5071 5165 0 0
680 690 5087 5446 0 0
690 700 5495 5978 0 0
700 710 5489 5696 0 0
710 720 5413 5586 0 0
720 730 5253 5683 0 0
730 740 5353 5688 0 0
740 750 5366 5843 0 0
750 760 5209 5448 0 0
760 770 5469 5471 0 0
770 780 5095 5167 0 0
780 790 5065 5283 0 0
790 800 5433 5716 0 0
800 810 5292 5312 0 0
810 820 5292 5335 0 0
820 830 5056 5443 0 0
830 840 5266 5723 0 0
840 850 5150 5229 0 0
850 860 5298 5485 0 0
860 870 5235 5580 0 0
870 880 5341 5743 0 0
880 890 5452 5903 0 0
890 900 5110 5161 0 0
900 910 5301 5748 0 0
910 920 5207 5493 0 0
920 930 5375 5381 0 0
930 940 5003 5150 0 0
940 950 5234 5312 0 0
950 960 5447 5877 0 0
960 970 5380 5541 0 0
970 980 5001 5162 0 0
980 990 5375 5526 0 0
990 1000 5164 5620 0 0
0 10 6296 6749 0 0
10 20 6218 6297 0 0
20 30 6406 6568 0 0
30 40 6453 6815 0 0
40 50 6093 6329 0 0
50 60 6384 6543 0 0
60 70 6007 6445 0 0
70 80 6442 6625 0 0
80 90 6316 6531 0 0
90 100 6078 6283 0 0
100 110 6407 6576 0 0
110 120 6393 6604 0 0
120 130 6160 6186 0 0
130 140 6439 6799 0 0
140 150 6425 6459 0 0
150 160 6485 6803 0 0
160 170 6034 6201 0 0
170 180 6077 6203 0 0
180 190 6292 6361 0 0
190 200 6055 6066 0 0
200 210 6174 6514 0 0
210 220 6357 6626 0 0
220 230 6499 6983 0 0
230 240 6278 6395 0 0
240 250 6386 6838 0 0
250 260 6459 6891 0 0
260 270 6395 6644 0 0
270 280 6056 6445 0 0
280 290 6425 6874 0 0
290 300 6338 6449 0 0
300 310 6019 6184 0 0
310 320 6178 6630 0 0
320 330 6185 6378 0 0
330 340 6071 6524 0 0
340 350 6451 6486 0 0
350 360 6115 6309 0 0
360 370 6156 6426 0 0
370 380 6480 6908 0 0
380 390 6214 6332 0 0
390 400 6196 6304 0 0
400 410 6162 6563 0 0
410 420 6430 6873 0 0
420 430 6143 6397 0 0
430 440 6351 6554 0 0
440 450 6009 6133 0 0
450 460 6428 6860 0 0
460 470 6172 6265 0 0
470 480 6339 6418 0 0
480 490 6058 6503 0 0
490 500 6125 6576 0 0
500 510 6114 6215 0 0
510 520 6250 6628 0 0
520 530 6340 6394 0 0
530 540 6259 6628 0 0
540 550 6265 6647 0 0
550 560 6500 6542 0 0
560 570 6296 6602 0 0
570 580 6335 6479 0 0
580 590 6484 6585 0 0
590 600 6275 6562 0 0
600 610 6333 6754 0 0
610 620 6417 6612 0 0
620 630 6148 6506 0 0
630 640 6378 6675 0 0
640 650 6268 6309 0 0
650 660 6147 6360 0 0
660 670 6058 6195 0 0
670 680 6089 6557 0 0
680 690 6158 6272 0 0
690 700 6055 6151 0 0
700 710 6368 6471 0 0
710 720 6111 6445 0 0
720 730 6062 6234 0 0
730 740 6395 6827 0 0
740 750 6391 6424 0 0
750 760 6070 6304 0 0
760 770 6115 6225 0 0
770 780 6024 6046 0 0
780 790 6335 6383 0 0
790 800 6473 6483 0 0
800 810 6441 6706 0 0
810 820 6488 6762 0 0
820 830 6454 6882 0 0
830 840 6057 6287 0 0
840 850 6189 6645 0 0
850 860 6091 6501 0 0
860 870 6079 6080 0 0
870 880 6133 6162 0 0
880 890 6256 6643 0 0
890 900 6303 6785 0 0
900 910 6374 6491 0 0
910 920 6305 6684 0 0
920 930 6412 6482 0 0
930 940 6019 6119 0 0
940 950 6291 6452 0 0
950 960 6252 6443 0 0
960 970 6350 6481 0 0
970 980 6152 6159 0 0
980 990 6196 6689 0 0
990 1000 6287 6400 0 0
0 10 7106 7474 0 0
10 20 7369 7500 0 0
20 30 7030 7102 0 0
30 40 7329 7676 0 0
40 50 7247 7454 0 0
50 60 7375 7636 0 0
60 70 7098 7274 0 0
70 80 7111 7444 0 0
80 90 7262 7760 0 0
90 100 7471 7705 0 0
100 110 7204 7388 0 0
110 120 7100 7232 0 0
120 130 7456 7906 0 0
130 140 7423 7438 0 0
140 150 7357 7800 0 0
150 160 7098 7501 0 0
160 170 7176 7313 0 0
170 180 7383 7671 0 0
180 190 7289 7528 0 0
190 200 7352 7516 0 0
200 210 7214 7452 0 0
210 220 7411 7494 0 0
220 230 7019 7428 0 0
230 240 7456 7738 0 0
240 250 7029 7446 0 0
250 260 7366 7837 0 0
260 270 7160 7479 0 0
270 280 7294 7591 0 0
280 290 7376 7593 0 0
290 300 7335 7405 0 0
300 310 7131 7538 0 0
310 320 7206 7596 0 0
320 330 7437 7854 0 0
330 340 7303 7750 0 0
340 350 7271 7533 0 0
350 360 7077 7470 0 0
360 370 7178 7181 0 0
370 380 7115 7450 0 0
380 390 7267 7733 0 0
390 400 7371 7763 0 0
400 410 7052 7216 0 0
410 420 7017 7415 0 0
420 430 7383 7548 0 0
430 440 7481 7669 0 0
440 450 7351 7453 0 0
450 460 7061 7198 0 0
460 470 7303 7579 0 0
470 480 7422 7554 0 0
480 490 7255 7506 0 0
490 500 7054 7136 0 0
500 510 7469 7812 0 0
510 520 7114 7218 0 0
520 530 7225 7442 0 0
530 540 7069 7195 0 0
540 550 7383 7646 0 0
550 560 7150 7318 0 0
560 570 7198 7302 0 0
570 580 7294 7781 0 0
580 590 7394 7695 0 0
590 600 7110 7199 0 0
600 610 7118 7143 0 0
610 620 7079 7148 0 0
620 630 7198 7397 0 0
630 640 7207 7314 0 0
640 650 7325 7626 0 0
650 660 7459 7731 0 0
660 670 7300 7765 0 0
670 680 7492 7544 0 0
680 690 7413 7824 0 0
690 700 7184 7265 0 0
700 710 7364 7851 0 0
710 720 7267 7422 0 0
720 730 7314 7601 0 0
730 740 7013 7325 0 0
740 750 7456 7730 0 0
750 760 7378 7596 0 0
760 770 7391 7445 0 0
770 780 7296 7546 0 0
780 790 7186 7658 0 0
790 800 7225 7562 0 0
800 810 7491 7638 0 0
810 820 7114 7514 0 0
820 830 7243 7693 0 0
830 840 7241 7579 0 0
840 850 7197 7617 0 0
850 860 7221 7394 0 0
860 870 7391 7629 0 0
870 880 7010 7140 0 0
880 890 7086 7108 0 0
890 900 7414 7731 0 0
900 910 7312 7762 0 0
910 920 7312 7378 0 0
920 930 7355 7516 0 0
930 940 7499 7906 0 0
940 950 7484 7971 0 0
950 960 7076 7337 0 0
960 970 7200 7700 0 0
970 980 7132 7486 0 0
980 990 7239 7490 0 0
990 1000 7263 7680 0 0
0 10 8168 8422 0 0
10 20 8414 8521 0 0
20 30 8232 8459 0 0
30 40 8003 8052 0 0
40 50 8394 8883 0 0
50 60 8152 8227 0 0
60 70 8444 8677 0 0
70 80 8475 8617 0 0
80 90 8215 8325 0 0
90 100 8438 8553 0 0
100 110 8181 8565 0 0
110 120 8158 8519 0 0
120 130 8221 8355 0 0
130 140 8387 8543 0 0
140 150 8173 8639 0 0
150 160 8101 8430 0 0
160 170 8301 8343 0 0
170 180 8000 8105 0 0
180 190 8036 8466 0 0
190 200 8149 8467 0 0
200 210 8201 8650 0 0
210 220 8416 8490 0 0
220 230 8197 8353 0 0
230 240 8469 8696 0 0
240 250 8145 8202 0 0
250 260 8325 8332 0 0
260 270 8129 8389 0 0
270 280 8203 8249 0 0
280 290 8302 8520 0 0
290 300 8435 8892 0 0
300 310 8049 8079 0 0
310 320 8277 8668 0 0
320 330 8305 8716 0 0
330 340 8367 8571 0 0
340 350 8162 8196 0 0
350 360 8059 8179 0 0
360 370 8055 8393 0 0
370 380 8260 8505 0 0
380 390 8221 8332 0 0
390 400 8438 8654 0 0
400 410 8185 8389 0 0
410 420 8415 8748 0 0
420 430 8174 8190 0 0
430 440 8142 8561 0 0
440 450 8145 8172 0 0
450 460 8213 8258 0 0
460 470 8077 8096 0 0
470 480 8218 8624 0 0
480 490 8364 8758 0 0
490 500 8472 8593 0 0
500 510 8095 8512 0 0
510 520 8224 8595 0 0
520 530 8100 8242 0 0
530 540 8048 8311 0 0
540 550 8042 8170 0 0
550 560 8290 8523 0 0
560 570 8120 8293 0 0
570 580 8303 8527 0 0
580 590 8104 8409 0 0
590 600 8304 8736 0 0
600 610 8499 8679 0 0
610 620 8194 8449 0 0
620 630 8432 8659 0 0
630 640 8289 8693 0 0
640 650 8338 8445 0 0
650 660 8231 8289 0 0
660 670 8339 8462 0 0
670 680 8300 8646 0 0
680 690 8469 8837 0 0
690 700 8079 8100 0 0
700 710 8023 8507 0 0
710 720 8260 8591 0 0
720 730 8273 8457 0 0
730 740 8391 8882 0 0
740 750 8109 8365 0 0
750 760 8168 8197 0 0
760 770 8018 8351 0 0
770 780 8222 8316 0 0
780 790 8411 8603 0 0
790 800 8056 8267 0 0
800 810 8044 8105 0 0
810 820 8402 8725 0 0
820 830 8456 8745 0 0
830 840 8022 8403 0 0
840 850 8063 8428 0 0
850 860 8183 8471 0 0
860 870 8162 8440 0 0
870 880 8041 8428 0 0
880 890 8107 8447 0 0
890 900 8148 8434 0 0
900 910 8151 8227 0 0
910 920 8056 8277 0 0
920 930 8335 8706 0 0
930 940 8415 8574 0 0
940 950 8016 8203 0 0
950 960 8084 8200 0 0
960 970 8053 8166 0 0
970 980 8355 8584 0 0
980 990 8162 8203 0 0
990 1000 8158 8313 0 0
0 10 9042 9216 0 0
10 20 9211 9369 0 0
20 30 9078 9491 0 0
30 40 9495 9515 0 0
40 50 9033 9380 0 0
50 60 9016 9451 0 0
60 70 9358 9439 0 0
70 80 9137 9173 0 0
80 90 9063 9414 0 0
90 100 9473 9486 0 0
100 110 9175 9205 0 0
110 120 9042 9362 0 0
120 130 9450 9944 0 0
130 140 9106 9285 0 0
140 150 9423 9449 0 0
150 160 9133 9470 0 0
160 170 9331 9413 0 0
170 180 9368 9594 0 0
180 190 9462 9589 0 0
190 200 9299 9659 0 0
200 210 9047 9097 0 0
210 220 9273 9463 0 0
220 230 9431 9531 0 0
230 240 9367 9733 0 0
240 250 9234 9718 0 0
250 260 9056 9525 0 0
260 270 9092 9478 0 0
270 280 9206 9308 0 0
280 290 9217 9695 0 0
290 300 9211 9383 0 0
300 310 9288 9493 0 0
310 320 9456 9483 0 0
320 330 9072 9171 0 0
330 340 9332 9579 0 0
340 350 9321 9415 0 0
350 360 9353 9629 0 0
360 370 9414 9681 0 0
370 380 9260 9309 0 0
380 390 9139 9466 0 0
390 400 9001 9415 0 0
400 410 9311 9694 0 0
410 420 9307 9471 0 0
420 430 9169 9314 0 0
430 440 9004 9397 0 0
440 450 9363 9424 0 0
450 460 9307 9535 0 0
460 470 9430 9675 0 0
470 480 9042 9272 0 0
480 490 9072 9095 0 0
490 500 9165 9499 0 0
500 510 9351 9619 0 0
510 520 9069 9529 0 0
520 530 9456 9648 0 0
530 540 9398 9747 0 0
540 550 9195 9585 0 0
550 560 9390 9728 0 0
560 570 9011 9122 0 0
570 580 9117 9265 0 0
580 590 9223 9686 0 0
590 600 9157 9424 0 0
600 610 9129 9130 0 0
610 620 9386 9484 0 0
620 630 9056 9156 0 0
630 640 9182 9650 0 0
640 650 9276 9557 0 0
650 660 9073 9091 0 0
660 670 9424 9667 0 0
670 680 9452 9856 0 0
680 690 9430 9498 0 0
690 700 9345 9361 0 0
700 710 9027 9263 0 0
710 720 9307 9389 0 0
720 730 9076 9343 0 0
730 740 9182 9554 0 0
740 750 9346 9562 0 0
750 760 9045 9267 0 0
760 770 9189 9424 0 0
770 780 9304 9770 0 0
780 790 9235 9677 0 0
790 800 9157 9609 0 0
800 810 9363 9453 0 0
810 820 9096 9579 0 0
820 830 9239 9439 0 0
830 840 9064 9354 0 0
840 850 9290 9391 0 0
850 860 9011 9381 0 0
860 870 9440 9691 0 0
870 880 9354 9456 0 0
880 890 9495 9910 0 0
890 900 9301 9522 0 0
900 910 9209 9484 0 0
910 920 9250 9563 0 0
920 930 9307 9339 0 0
930 940 9021 9474 0 0
940 950 9127 9386 0 0
950 960 9012 9347 0 0
960 970 9211 9595 0 0
970 980 9210 9388 0 0
980 990 9492 9897 0 0
990 1000 9437 9852 0 0
0 10 10363 10525 0 0
10 20 10287 10573 0 0
20 30 10478 10619 0 0
30 40 10336 10717 0 0
40 50 10452 10812 0 0
50 60 10423 10452 0 0
60 70 10273 10689 0 0
70 80 10324 10625 0 0
80 90 10234 10724 0 0
90 100 10468 10884 0 0
100 110 10488 10861 0 0
110 120 10236 10283 0 0
120 130 10224 10389 0 0
130 140 10365 10759 0 0
140 150 10161 10570 0 0
150 160 10248 10343 0 0
160 170 10033 10385 0 0
170 180 10263 10707 0 0
180 190 10225 10528 0 0
190 200 10146 10545 0 0
200 210 10075 10146 0 0
210 220 10155 10358 0 0
220 230 10432 10748 0 0
230 240 10411 10413 0 0
240 250 10068 10333 0 0
250 260 10431 10765 0 0
260 270 10190 10461 0 0
270 280 10205 10233 0 0
280 290 10101 10436 0 0
290 300 10194 10446 0 0
300 310 10032 10388 0 0
310 320 10381 10713 0 0
320 330 10268 10671 0 0
330 340 10090 10551 0 0
340 350 10127 10133 0 0
350 360 10474 10952 0 0
360 370 10206 10515 0 0
370 380 10219 10459 0 0
380 390 10313 10521 0 0
390 400 10041 10512 0 0
400 410 10475 10865 0 0
410 420 10000 10256 0 0
420 430 10325 10549 0 0
430 440 10484 10959 0 0
440 450 10070 10283 0 0
450 460 10451 10517 0 0
460 470 10474 10853 0 0
470 480 10168 10224 0 0
480 490 10311 10557 0 0
490 500 10301 10327 0 0
500 510 10050 10194 0 0
510 520 10121 10583 0 0
520 530 10036 10446 0 0
530 540 10225 10523 0 0
540 550 10136 10499 0 0
550 560 10219 10561 0 0
560 570 10416 10782 0 0
570 580 10271 10351 0 0
580 590 10130 10226 0 0
590 600 10122 10607 0 0
600 610 10389 10685 0 0
610 620 10074 10444 0 0
620 630 10338 10598 0 0
630 640 10162 10217 0 0
640 650 10424 10575 0 0
650 660 10015 10260 0 0
660 670 10155 10456 0 0
670 680 10388 10804 0 0
680 690 10223 10234 0 0
690 700 10386 10845 0 0
700 710 10081 10393 0 0
710 720 10493 10831 0 0
720 730 10442 10929 0 0
730 740 10408 10846 0 0
740 750 10233 10410 0 0
750 760 10138 10499 0 0
760 770 10229 10647 0 0
770 780 10248 10633 0 0
780 790 10011 10148 0 0
790 800 10011 10016 0 0
800 810 10388 10807 0 0
810 820 10154 10564 0 0
820 830 10203 10332 0 0
830 840 10440 10510 0 0
840 850 10275 10664 0 0
850 860 10220 10447 0 0
860 870 10476 10820 0 0
870 880 10077 10518 0 0
880 890 10121 10299 0 0
890 900 10278 10469 0 0
900 910 10123 10259 0 0
910 920 10011 10185 0 0
920 930 10409 10895 0 0
930 940 10046 10224 0 0
940 950 10158 10178 0 0
950 960 10128 10526 0 0
960 970 10417 10586 0 0
970 980 10231 10353 0 0
980 990 10055 10441 0 0
990 1000 10006 10155 0 0
0 10 11497 11772 0 0
10 20 11016 11064 0 0
20 30 11462 11566 0 0
30 40 11138 11348 0 0
40 50 11256 11628 0 0
50 60 11475 11876 0 0
60 70 11328 11346 0 0
70 80 11322 11585 0 0
80 90 11221 11367 0 0
90 100 11315 11503 0 0
100 110 11405 11495 0 0
110 120 11309 11755 0 0
120 130 11086 11156 0 0
130 140 11459 11695 0 0
140 150 11081 11248 0 0
150 160 11412 11550 0 0
160 170 11495 11826 0 0
170 180 11270 11454 0 0
180 190 11140 11213 0 0
190 200 11399 11413 0 0
200 210 11431 11880 0 0
210 220 11294 11472 0 0
220 230 11441 11790 0 0
230 240 11453 11581 0 0
240 250 11173 11199 0 0
250 260 11045 11531 0 0
260 270 11149 11614 0 0
270 280 11306 11369 0 0
280 290 11009 11159 0 0
290 300 11020 11127 0 0
300 310 11421 11473 0 0
310 320 11010 11240 0 0
320 330 11039 11471 0 0
330 340 11317 11781 0 0
340 350 11429 11921 0 0
350 360 11033 11090 0 0
360 370 11054 11069 0 0
370 380 11201 11409 0 0
380 390 11185 11346 0 0
390 400 11083 11456 0 0
400 410 11302 11483 0 0
410 420 11332 11465 0 0
420 430 11463 11891 0 0
430 440 11126 11210 0 0
440 450 11484 11943 0 0
450 460 11302 11710 0 0
460 470 11081 11481 0 0
470 480 11472 11622 0 0
480 490 11295 11599 0 0
490 500 11002 11114 0 0
500 510 11491 11575 0 0
510 520 11330 11743 0 0
520 530 11150 11191 0 0
530 540 11379 11558 0 0
540 550 11272 11428 0 0
550 560 11417 11694 0 0
560 570 11316 11503 0 0
570 580 11044 11102 0 0
580 590 11299 11690 0 0
590 600 11494 11938 0 0
600 610 11366 11553 0 0
610 620 11012 11367 0 0
620 630 11364 11625 0 0
630 640 11047 11484 0 0
640 650 11072 11451 0 0
650 660 11206 11270 0 0
660 670 11186 11426 0 0
670 680 11203 11285 0 0
680 690 11294 11509 0 0
690 700 11314 11579 0 0
700 710 11152 11564 0 0
710 720 11318 11462 0 0
720 730 11138 11436 0 0
730 740 11209 11235 0 0
740 750 11199 11209 0 0
750 760 11346 11386 0 0
760 770 11386 11786 0 0
770 780 11136 11385 0 0
780 790 11329 11495 0 0
790 800 11331 11491 0 0
800 810 11126 11152 0 0
810 820 11404 11453 0 0
820 830 11061 11496 0 0
830 840 11352 11768 0 0
840 850 11446 11665 0 0
850 860 11147 11180 0 0
860 870 11393 11712 0 0
870 880 11278 11339 0 0
880 890 11473 11809 0 0
890 900 11447 11776 0 0
900 910 11369 11638 0 0
910 920 11093 11430 0 0
920 930 11325 11569 0 0
930 940 11415 11620 0 0
940 950 11376 11719 0 0
950 960 11466 11890 0 0
960 970 11132 11464 0 0
970 980 11052 11377 0 0
980 990 11172 11534 0 0
990 1000 11203 11483 0 0
0 10 12226 12558 0 0
10 20 12077 12439 0 0
20 30 12235 12634 0 0
30 40 12391 12599 0 0
40 50 12386 12447 0 0
50 60 12482 12788 0 0
60 70 12422 12720 0 0
70 80 12140 12445 0 0
80 90 12090 12413 0 0
90 100 12300 12580 0 0
100 110 12250 12734 0 0
110 120 12257 12542 0 0
120 130 12314 12476 0 0
130 140 12098 12191 0 0
140 150 12015 12411 0 0
150 160 12295 12380 0 0
160 170 12351 12572 0 0
170 180 12112 12491 0 0
180 190 12483 12603 0 0
190 200 12096 12536 0 0
200 210 12277 12420 0 0
210 220 12090 12332 0 0
220 230 12392 12647 0 0
230 240 12042 12383 0 0
240 250 12388 12457 0 0
250 260 12022 12276 0 0
260 270 12492 12588 0 0
270 280 12362 12453 0 0
280 290 12083 12566 0 0
290 300 12150 12200 0 0
300 310 12173 12397 0 0
310 320 12189 12326 0 0
320 330 12216 12607 0 0
330 340 12044 12399 0 0
340 350 12160 12440 0 0
350 360 12114 12194 0 0
360 370 12137 12296 0 0
370 380 12444 12888 0 0
380 390 12132 12260 0 0
390 400 12482 12488 0 0
400 410 12308 12763 0 0
410 420 12312 12526 0 0
420 430 12011 12395 0 0
430 440 12305 12416 0 0
440 450 12172 12358 0 0
450 460 12069 12083 0 0
460 470 12127 12130 0 0
470 480 12344 12783 0 0
480 490 12209 12249 0 0
490 500 12392 12660 0 0
500 510 12390 12488 0 0
510 520 12159 12513 0 0
520 530 12327 12674 0 0
530 540 12328 12766 0 0
540 550 12437 12843 0 0
550 560 12126 12296 0 0
560 570 12423 12589 0 0
570 580 12342 12722 0 0
580 590 12199 12200 0 0
590 600 12025 12235 0 0
600 610 12103 12519 0 0
610 620 12496 12682 0 0
620 630 12178 12361 0 0
630 640 12260 12540 0 0
640 650 12007 12409 0 0
650 660 12182 12441 0 0
660 670 12341 12694 0 0
670 680 12038 12496 0 0
680 690 12457 12577 0 0
690 700 12189 12350 0 0
700 710 12497 12699 0 0
710 720 12095 12584 0 0
720 730 12125 12165 0 0
730 740 12317 12469 0 0
740 750 12421 12522 0 0
750 760 12184 12455 0 0
760 770 12039 12125 0 0
770 780 12231 12372 0 0
780 790 12396 12653 0 0
790 800 12359 12566 0 0
800 810 12032 12284 0 0
810 820 12407 12597 0 0
820 830 12136 12535 0 0
830 840 12348 12579 0 0
840 850 12354 12595 0 0
850 860 12051 12262 0 0
860 870 12322 12641 0 0
870 880 12113 12136 0 0
880 890 12071 12327 0 0
890 900 12474 12668 0 0
900 910 12348 12429 0 0
910 920 12412 12775 0 0
920 930 12183 12516 0 0
930 940 12398 12557 0 0
940 950 12315 12534 0 0
950 960 12403 12540 0 0
960 970 12420 12502 0 0
970 980 12156 12565 0 0
980 990 12002 12224 0 0
990 1000 12454 12797 0 0
0 10 13037 13385 0 0
10 20 13384 13440 0 0
20 30 13120 13251 0 0
30 40 13310 13519 0 0
40 50 13352 13361 0 0
50 60 13120 13361 0 0
60 70 13254 13677 0 0
70 80 13170 13225 0 0
80 90 13165 13553 0 0
90 100 13165 13393 0 0
100 110 13207 13220 0 0
110 120 13104 13251 0 0
120 130 13477 13628 0 0
130 140 13239 13629 0 0
140 150 13275 13303 0 0
150 160 13220 13556 0 0
160 170 13128 13272 0 0
170 180 13402 13703 0 0
180 190 13455 13626 0 0
190 200 13050 13470 0 0
200 210 13209 13667 0 0
210 220 13228 13394 0 0
220 230 13121 13285 0 0
230 240 13250 13355 0 0
240 250 13192 13207 0 0
250 260 13261 13568 0 0
260 270 13055 13111 0 0
270 280 13276 13579 0 0
280 290 13019 13153 0 0
290 300 13424 13533 0 0
300 310 13072 13433 0 0
310 320 13285 13363 0 0
320 330 13228 13391 0 0
330 340 13396 13462 0 0
340 350 13347 13483 0 0
350 360 13227 13544 0 0
360 370 13221 13606 0 0
370 380 13179 13483 0 0
380 390 13309 13605 0 0
390 400 13254 13295 0 0
400 410 13041 13461 0 0
410 420 13400 13644 0 0
420 430 13485 13983 0 0
430 440 13123 13387 0 0
440 450 13115 13419 0 0
450 460 13109 13243 0 0
460 470 13380 13488 0 0
470 480 13498 13750 0 0
480 490 13324 13608 0 0
490 500 13327 13555 0 0
500 510 13294 13584 0 0
510 520 13335 13754 0 0
520 530 13297 13597 0 0
530 540 13187 13469 0 0
540 550 13330 13545 0 0
550 560 13306 13456 0 0
560 570 13268 13503 0 0
570 580 13229 13715 0 0
580 590 13046 13404 0 0
590 600 13257 13547 0 0
600 610 13479 13940 0 0
610 620 13189 13251 0 0
620 630 13035 13095 0 0
630 640 13389 13444 0 0
640 650 13259 13608 0 0
650 660 13305 13606 0 0
660 670 13103 13479 0 0
670 680 13185 13279 0 0
680 690 13256 13715 0 0
690 700 13241 13264 0 0
700 710 13142 13189 0 0
710 720 13214 13242 0 0
720 730 13012 13082 0 0
730 740 13051 13461 0 0
740 750 13279 13384 0 0
750 760 13380 13466 0 0
760 770 13403 13672 0 0
770 780 13313 13581 0 0
780 790 13101 13203 0 0
790 800 13316 13441 0 0
800 810 13073 13561 0 0
810 820 13391 13781 0 0
820 830 13014 13396 0 0
830 840 13077 13400 0 0
840 850 13340 13430 0 0
850 860 13275 13529 0 0
860 870 13272 13357 0 0
870 880 13289 13533 0 0
880 890 13119 13420 0 0
890 900 13192 13193 0 0
900 910 13120 13597 0 0
910 920 13436 13702 0 0
920 930 13130 13200 0 0
930 940 13154 13620 0 0
940 950 13428 13923 0 0
950 960 13026 13389 0 0
960 970 13464 13949 0 0
970 980 13358 13381 0 0
980 990 13368 13620 0 0
990 1000 13160 13434 0 0
0 10 14142 14491 0 0
10 20 14096 14394 0 0
20 30 14010 14050 0 0
30 40 14103 14440 0 0
40 50 14398 14551 0 0
50 60 14472 14613 0 0
60 70 14158 14433 0 0
70 80 14348 14771 0 0
80 90 14321 14766 0 0
90 100 14289 14332 0 0
100 110 14493 14606 0 0
110 120 14435 14468 0 0
120 130 14361 14707 0 0
130 140 14464 14699 0 0
140 150 14072 14251 0 0
150 160 14156 14372 0 0
160 170 14021 14341 0 0
170 180 14472 14915 0 0
180 190 14425 14868 0 0
190 200 14050 14353 0 0
200 210 14045 14322 0 0
210 220 14460 14592 0 0
220 230 14089 14527 0 0
230 240 14375 14476 0 0
240 250 14310 14406 0 0
250 260 14010 14229 0 0
260 270 14030 14032 0 0
270 280 14494 14543 0 0
280 290 14160 14622 0 0
290 300 14244 14380 0 0
300 310 14210 14357 0 0
310 320 14136 14210 0 0
320 330 14148 14240 0 0
330 340 14431 14769 0 0
340 350 14187 14585 0 0
350 360 14366 14452 0 0
360 370 14362 14562 0 0
370 380 14128 14451 0 0
380 390 14344 14823 0 0
390 400 14313 14402 0 0
400 410 14323 14643 0 0
410 420 14375 14521 0 0
420 430 14316 14655 0 0
430 440 14433 14856 0 0
440 450 14402 14890 0 0
450 460 14197 14535 0 0
460 470 14261 14498 0 0
470 480 14329 14599 0 0
480 490 14306 14379 0 0
490 500 14260 14603 0 0
500 510 14035 14147 0 0
510 520 14247 14477 0 0
520 530 14026 14187 0 0
530 540 14442 14743 0 0
540 550 14334 14804 0 0
550 560 14068 14548 0 0
560 570 14026 14447 0 0
570 580 14023 14104 0 0
580 590 14114 14223 0 0
590 600 14268 14608 0 0
600 610 14310 14647 0 0
610 620 14228 14231 0 0
620 630 14434 14818 0 0
630 640 14472 14969 0 0
640 650 14194 14371 0 0
650 660 14109 14124 0 0
660 670 14499 14689 0 0
670 680 14100 14420 0 0
680 690 14423 14570 0 0
690 700 14405 14855 0 0
700 710 14440 14684 0 0
710 720 14351 14358 0 0
720 730 14096 14557 0 0
730 740 14328 14584 0 0
740 750 14150 14348 0 0
750 760 14070 14207 0 0
760 770 14436 14657 0 0
770 780 14375 14521 0 0
780 790 14396 14455 0 0
790 800 14192 14326 0 0
800 810 14292 14521 0 0
810 820 14150 14164 0 0
820 830 14254 14659 0 0
830 840 14080 14513 0 0
840 850 14205 14262 0 0
850 860 14462 14674 0 0
860 870 14499 14858 0 0
870 880 14097 14156 0 0
880 890 14347 14775 0 0
890 900 14253 14414 0 0
900 910 14006 14131 0 0
910 920 14026 14098 0 0
920 930 14233 14601 0 0
930 940 14104 14387 0 0
940 950 14090 14270 0 0
950 960 14358 14830 0 0
960 970 14348 14726 0 0
970 980 14320 14628 0 0
980 990 14042 14074 0 0
990 1000 14334 14479 0 0
0 10 15258 15504 0 0
10 20 15192 15219 0 0
20 30 15241 15391 0 0
30 40 15371 15642 0 0
40 50 15234 15525 0 0
50 60 15392 15787 0 0
60 70 15102 15545 0 0
70 80 15421 15725 0 0
80 90 15452 15808 0 0
90 100 15428 15516 0 0
100 110 15083 15469 0 0
110 120 15444 15939 0 0
120 130 15403 15743 0 0
130 140 15034 15388 0 0
140 150 15118 15322 0 0
150 160 15416 15487 0 0
160 170 15113 15597 0 0
170 180 15433 15793 0 0
180 190 15105 15535 0 0
190 200 15075 15371 0 0
200 210 15005 15197 0 0
210 220 15202 15402 0 0
220 230 15228 15405 0 0
230 240 15307 15441 0 0
240 250 15270 15573 0 0
250 260 15456 15730 0 0
260 270 15327 15643 0 0
270 280 15103 15456 0 0
280 290 15136 15311 0 0
290 300 15490 15813 0 0
300 310 15296 15322 0 0
310 320 15128 15483 0 0
320 330 15358 15530 0 0
330 340 15095 15464 0 0
340 350 15144 15613 0 0
350 360 15025 15338 0 0
360 370 15426 15794 0 0
370 380 15461 15597 0 0
380 390 15464 15852 0 0
390 400 15293 15395 0 0
400 410 15124 15329 0 0
410 420 15097 15318 0 0
420 430 15199 15385 0 0
430 440 15095 15131 0 0
440 450 15496 15749 0 0
450 460 15245 15738 0 0
460 470 15113 15534 0 0
470 480 15336 15431 0 0
480 490 15419 15725 0 0
490 500 15051 15193 0 0
500 510 15327 15532 0 0
510 520 15006 15252 0 0
520 530 15373 15670 0 0
530 540 15354 15577 0 0
540 550 15229 15393 0 0
550 560 15437 15542 0 0
560 570 15307 15790 0 0
570 580 15092 15499 0 0
580 590 15080 15201 0 0
590 600 15094 15161 0 0
600 610 15217 15336 0 0
610 620 15044 15056 0 0
620 630 15015 15130 0 0
630 640 15241 15426 0 0
640 650 15286 15454 0 0
650 660 15491 15671 0 0
660 670 15000 15025 0 0
670 680 15334 15673 0 0
680 690 15244 15381 0 0
690 700 15177 15629 0 0
700 710 15476 15516 0 0
710 720 15340 15444 0 0
720 730 15407 15693 0 0
730 740 15256 15610 0 0
740 750 15203 15460 0 0
750 760 15233 15238 0 0
760 770 15176 15474 0 0
770 780 15439 15886 0 0
780 790 15350 15777 0 0
790 800 15013 15382 0 0
800 810 15370 15800 0 0
810 820 15095 15425 0 0
820 830 15174 15234 0 0
830 840 15179 15418 0 0
840 850 15090 15563 0 0
850 860 15496 15527 0 0
860 870 15161 15202 0 0
870 880 15266 15376 0 0
880 890 15478 15898 0 0
890 900 15286 15567 0 0
900 910 15499 15541 0 0
910 920 15421 15868 0 0
920 930 15053 15412 0 0
930 940 15315 15679 0 0
940 950 15091 15433 0 0
950 960 15492 15944 0 0
960 970 15025 15379 0 0
970 980 15470 15788 0 0
980 990 15142 15159 0 0
990 1000 15390 15805 0 0
0 10 16316 16638 0 0
10 20 16035 16150 0 0
20 30 16025 16043 0 0
30 40 16289 16375 0 0
40 50 16248 16534 0 0
50 60 16274 16502 0 0
60 70 16355 16825 0 0
70 80 16117 16261 0 0
80 90 16232 16601 0 0
90 100 16015 16391 0 0
100 110 16245 16501 0 0
110 120 16242 16402 0 0
120 130 16030 16356 0 0
130 140 16288 16382 0 0
140 150 16233 16479 0 0
150 160 16485 16984 0 0
160 170 16477 16645 0 0
170 180 16104 16571 0 0
180 190 16393 16690 0 0
190 200 16170 16654 0 0
200 210 16371 16816 0 0
210 220 16399 16694 0 0
220 230 16275 16376 0 0
230 240 16126 16283 0 0
240 250 16088 16543 0 0
250 260 16060 16404 0 0
260 270 16073 16417 0 0
270 280 16395 16482 0 0
280 290 16036 16334 0 0
290 300 16295 16638 0 0
300 310 16460 16658 0 0
310 320 16248 16343 0 0
320 330 16232 16463 0 0
330 340 16412 16584 0 0
340 350 16228 16483 0 0
350 360 16081 16441 0 0
360 370 16464 16786 0 0
370 380 16010 16239 0 0
380 390 16319 16328 0 0
390 400 16292 16655 0 0
400 410 16215 16359 0 0
410 420 16098 16543 0 0
420 430 16347 16770 0 0
430 440 16149 16177 0 0
440 450 16316 16353 0 0
450 460 16285 16495 0 0
460 470 16056 16552 0 0
470 480 16152 16528 0 0
480 490 16266 16733 0 0
490 500 16003 16214 0 0
500 510 16373 16410 0 0
510 520 16085 16111 0 0
520 530 16495 16564 0 0
530 540 16367 16810 0 0
540 550 16005 16256 0 0
550 560 16374 16706 0 0
560 570 16128 16272 0 0
570 580 16316 16351 0 0
580 590 16085 16576 0 0
590 600 16276 16381 0 0
600 610 16258 16640 0 0
610 620 16054 16306 0 0
620 630 16267 16643 0 0
630 640 16099 16475 0 0
640 650 16156 16421 0 0
650 660 16249 16678 0 0
660 670 16203 16305 0 0
670 680 16021 16041 0 0
680 690 16362 16561 0 0
690 700 16281 16525 0 0
700 710 16044 16283 0 0
710 720 16453 16523 0 0
720 730 16111 16602 0 0
730 740 16462 16788 0 0
740 750 16306 16794 0 0
750 760 16146 16435 0 0
760 770 16165 16166 0 0
770 780 16403 16810 0 0
780 790 16289 16573 0 0
790 800 16202 16280 0 0
800 810 16249 16743 0 0
810 820 16282 16742 0 0
820 830 16005 16134 0 0
830 840 16169 16451 0 0
840 850 16144 16597 0 0
850 860 16287 16502 0 0
860 870 16179 16515 0 0
870 880 16451 16817 0 0
880 890 16232 16237 0 0
890 900 16468 16639 0 0
900 910 16248 16730 0 0
910 920 16021 16148 0 0
920 930 16150 16266 0 0
930 940 16183 16402 0 0
940 950 16384 16604 0 0
950 960 16382 16730 0 0
960 970 16268 16701 0 0
970 980 16323 16599 0 0
980 990 16435 16843 0 0
990 1000 16339 16676 0 0
0 10 17219 17405 0 0
10 20 17349 17825 0 0
20 30 17075 17094 0 0
30 40 17417 17815 0 0
40 50 17490 17597 0 0
50 60 17446 17547 0 0
60 70 17203 17585 0 0
70 80 17445 17742 0 0
80 90 17379 17719 0 0
90 100 17351 17477 0 0
100 110 17376 17384 0 0
110 120 17294 17485 0 0
120 130 17030 17070 0 0
130 140 17219 17624 0 0
140 150 17373 17624 0 0
150 160 17288 17699 0 0
160 170 17124 17473 0 0
170 180 17054 17291 0 0
180 190 17337 17498 0 0
190 200 17112 17380 0 0
200 210 17403 17569 0 0
210 220 17498 17502 0 0
220 230 17032 17529 0 0
230 240 17254 17354 0 0
240 250 17141 17299 0 0
250 260 17196 17241 0 0
260 270 17334 17591 0 0
270 280 17315 17534 0 0
280 290 17053 17192 0 0
290 300 17138 17606 0 0
300 310 17449 17896 0 0
310 320 17059 17411 0 0
320 330 17047 17239 0 0
330 340 17358 17556 0 0
340 350 17032 17144 0 0
350 360 17331 17759 0 0
360 370 17361 17440 0 0
370 380 17375 17814 0 0
380 390 17019 17431 0 0
390 400 17364 17478 0 0
400 410 17408 17880 0 0
410 420 17083 17393 0 0
420 430 17027 17048 0 0
430 440 17321 17767 0 0
440 450 17296 17542 0 0
450 460 17316 17497 0 0
460 470 17149 17288 0 0
470 480 17330 17383 0 0
480 490 17090 17243 0 0
490 500 17362 17537 0 0
500 510 17121 17196 0 0
510 520 17299 17460 0 0
520 530 17331 17499 0 0
530 540 17268 17319 0 0
540 550 17162 17426 0 0
550 560 17221 17592 0 0
560 570 17113 17204 0 0
570 580 17396 17781 0 0
580 590 17369 17783 0 0
590 600 17107 17367 0 0
600 610 17325 17711 0 0
610 620 17006 17383 0 0
620 630 17406 17547 0 0
630 640 17475 17813 0 0
640 650 17077 17492 0 0
650 660 17170 17219 0 0
660 670 17045 17190 0 0
670 680 17252 17267 0 0
680 690 17294 17506 0 0
690 700 17137 17163 0 0
700 710 17130 17333 0 0
710 720 17488 17541 0 0
720 730 17103 17260 0 0
730 740 17065 17238 0 0
740 750 17032 17289 0 0
750 760 17351 17802 0 0
760 770 17437 17851 0 0
770 780 17312 17632 0 0
780 790 17490 17976 0 0
790 800 17111 17499 0 0
800 810 17452 17703 0 0
810 820 17131 17293 0 0
820 830 17073 17500 0 0
830 840 17118 17478 0 0
840 850 17089 17158 0 0
850 860 17015 17142 0 0
860 870 17461 17789 0 0
870 880 17296 17752 0 0
880 890 17404 17641 0 0
890 900 17214 17417 0 0
900 910 17390 17524 0 0
910 920 17353 17506 0 0
920 930 17207 17404 0 0
930 940 17335 17810 0 0
940 950 17264 17630 0 0
950 960 17185 17581 0 0
960 970 17412 17850 0 0
970 980 17008 17336 0 0
980 990 17302 17649 0 0
990 1000 17165 17529 0 0
0 10 18250 18703 0 0
10 20 18166 18242 0 0
20 30 18109 18365 0 0
30 40 18077 18359 0 0
40 50 18210 18464 0 0
50 60 18000 18058 0 0
60 70 18162 18322 0 0
70 80 18127 18178 0 0
80 90 18224 18237 0 0
90 100 18230 18656 0 0
100 110 18418 18502 0 0
110 120 18359 18660 0 0
120 130 18310 18616 0 0
130 140 18172 18508 0 0
140 150 18120 18296 0 0
150 160 18019 18043 0 0
160 170 18276 18344 0 0
170 180 18286 18500 0 0
180 190 18155 18603 0 0
190 200 18250 18396 0 0
200 210 18009 18072 0 0
210 220 18472 18819 0 0
220 230 18080 18496 0 0
230 240 18480 18821 0 0
240 250 18485 18496 0 0
250 260 18220 18597 0 0
260 270 18147 18200 0 0
270 280 18200 18668 0 0
280 290 18430 18631 0 0
290 300 18486 18861 0 0
300 310 18317 18648 0 0
310 320 18345 18563 0 0
320 330 18104 18321 0 0
330 340 18047 18358 0 0
340 350 18193 18327 0 0
350 360 18419 18752 0 0
360 370 18440 18510 0 0
370 380 18222 18593 0 0
380 390 18496 18661 0 0
390 400 18187 18411 0 0
400 410 18010 18414 0 0
410 420 18101 18470 0 0
420 430 18497 18709 0 0
430 440 18415 18515 0 0
440 450 18467 18586 0 0
450 460 18281 18494 0 0
460 470 18234 18357 0 0
470 480 18367 18698 0 0
480 490 18203 18537 0 0
490 500 18227 18539 0 0
500 510 18176 18590 0 0
510 520 18302 18415 0 0
520 530 18456 18856 0 0
530 540 18238 18275 0 0
540 550 18035 18425 0 0
550 560 18480 18688 0 0
560 570 18442 18484 0 0
570 580 18497 18700 0 0
580 590 18216 18331 0 0
590 600 18361 18515 0 0
600 610 18370 18500 0 0
610 620 18490 18567 0 0
620 630 18438 18640 0 0
630 640 18044 18509 0 0
640 650 18500 18654 0 0
650 660 18439 18927 0 0
660 670 18386 18554 0 0
670 680 18358 18380 0 0
680 690 18226 18361 0 0
690 700 18108 18304 0 0
700 710 18090 18394 0 0
710 720 18100 18339 0 0
720 730 18303 18728 0 0
730 740 18059 18076 0 0
740 750 18002 18311 0 0
750 760 18006 18397 0 0
760 770 18342 18380 0 0
770 780 18365 18856 0 0
780 790 18415 18467 0 0
790 800 18398 18825 0 0
800 810 18435 18845 0 0
810 820 18453 18836 0 0
820 830 18334 18342 0 0
830 840 18381 18739 0 0
840 850 18445 18520 0 0
850 860 18187 18615 0 0
860 870 18468 18536 0 0
870 880 18075 18477 0 0
880 890 18154 18465 0 0
890 900 18360 18778 0 0
900 910 18029 18311 0 0
910 920 18157 18202 0 0
920 930 18469 18968 0 0
930 940 18497 18632 0 0
940 950 18133 18207 0 0
950 960 18231 18493 0 0
960 970 18246 18478 0 0
970 980 18122 18280 0 0
980 990 18474 18521 0 0
990 1000 18057 18537 0 0
0 10 19390 19863 0 0
10 20 19294 19510 0 0
20 30 19080 19153 0 0
30 40 19111 19285 0 0
40 50 19359 19380 0 0
50 60 19404 19678 0 0
60 70 19097 19170 0 0
70 80 19387 19462 0 0
80 90 19242 19716 0 0
90 100 19226 19532 0 0
100 110 19376 19753 0 0
110 120 19240 19628 0 0
120 130 19234 19580 0 0
130 140 19454 19801 0 0
140 150 19296 19333 0 0
150 160 19056 19520 0 0
160 170 19225 19690 0 0
170 180 19423 19733 0 0
180 190 19247 19504 0 0
190 200 19464 19567 0 0
200 210 19380 19741 0 0
210 220 19471 19948 0 0
220 230 19061 19081 0 0
230 240 19383 19406 0 0
240 250 19050 19138 0 0
250 260 19251 19598 0 0
260 270 19001 19437 0 0
270 280 19293 19692 0 0
280 290 19304 19453 0 0
290 300 19290 19458 0 0
300 310 19182 19339 0 0
310 320 19486 19909 0 0
320 330 19428 19630 0 0
330 340 19074 19126 0 0
340 350 19185 19517 0 0
350 360 19478 19749 0 0
360 370 19219 19526 0 0
370 380 19406 19639 0 0
380 390 19203 19290 0 0
390 400 19177 19623 0 0
400 410 19009 19486 0 0
410 420 19037 19199 0 0
420 430 19015 19360 0 0
430 440 19280 19447 0 0
440 450 19301 19371 0 0
450 460 19018 19182 0 0
460 470 19058 19208 0 0
470 480 19342 19633 0 0
480 490 19333 19651 0 0
490 500 19021 19405 0 0
500 510 19029 19288 0 0
510 520 19012 19332 0 0
520 530 19429 19847 0 0
530 540 19491 19717 0 0
540 550 19218 19537 0 0
550 560 19203 19342 0 0
560 570 19097 19528 0 0
570 580 19463 19509 0 0
580 590 19293 19363 0 0
590 600 19265 19395 0 0
600 610 19360 19847 0 0
610 620 19069 19523 0 0
620 630 19409 19610 0 0
630 640 19080 19355 0 0
640 650 19495 19847 0 0
650 660 19464 19935 0 0
660 670 19432 19808 0 0
670 680 19425 19577 0 0
680 690 19398 19687 0 0
690 700 19211 19282 0 0
700 710 19196 19646 0 0
710 720 19003 19118 0 0
720 730 19291 19635 0 0
730 740 19028 19255 0 0
740 750 19167 19269 0 0
750 760 19219 19466 0 0
760 770 19399 19867 0 0
770 780 19222 19617 0 0
780 790 19401 19892 0 0
790 800 19241 19378 0 0
800 810 19259 19461 0 0
810 820 19310 19370 0 0
820 830 19427 19848 0 0
830 840 19283 19490 0 0
840 850 19457 19759 0 0
850 860 19296 19404 0 0
860 870 19117 19549 0 0
870 880 19391 19455 0 0
880 890 19072 19174 0 0
890 900 19329 19514 0 0
900 910 19127 19294 0 0
910 920 19201 19551 0 0
920 930 19295 19511 0 0
930 940 19167 19268 0 0
940 950 19085 19134 0 0
950 960 19134 19355 0 0
960 970 19277 19308 0 0
970 980 19130 19338 0 0
980 990 19213 19421 0 0
990 1000 19375 19542 0 0
0 10 20241 20551 0 0
10 20 20382 20747 0 0
20 30 20477 20751 0 0
30 40 20237 20585 0 0
40 50 20079 20158 0 0
50 60 20056 20434 0 0
60 70 20372 20439 0 0
70 80 20343 20828 0 0
80 90 20192 20421 0 0
90 100 20231 20486 0 0
100 110 20075 20543 0 0
110 120 20102 20528 0 0
120 130 20239 20632 0 0
130 140 20073 20194 0 0
140 150 20497 20703 0 0
150 160 20339 20793 0 0
160 170 20012 20508 0 0
170 180 20266 20690 0 0
180 190 20026 20398 0 0
190 200 20027 20481 0 0
200 210 20487 20588 0 0
210 220 20072 20570 0 0
220 230 20348 20385 0 0
230 240 20103 20325 0 0
240 250 20309 20352 0 0
250 260 20273 20756 0 0
260 270 20049 20184 0 0
270 280 20245 20284 0 0
280 290 20314 20344 0 0
290 300 20403 20470 0 0
300 310 20298 20684 0 0
310 320 20024 20227 0 0
320 330 20246 20430 0 0
330 340 20427 20641 0 0
340 350 20168 20521 0 0
350 360 20436 20871 0 0
360 370 20388 20512 0 0
370 380 20223 20574 0 0
380 390 20196 20683 0 0
390 400 20489 20513 0 0
400 410 20045 20087 0 0
410 420 20493 20892 0 0
420 430 20055 20458 0 0
430 440 20184 20364 0 0
440 450 20113 20275 0 0
450 460 20333 20819 0 0
460 470 20223 20651 0 0
470 480 20061 20487 0 0
480 490 20372 20468 0 0
490 500 20455 20799 0 0
500 510 20069 20488 0 0
510 520 20381 20501 0 0
520 530 20199 20643 0 0
530 540 20319 20619 0 0
540 550 20248 20687 0 0
550 560 20133 20145 0 0
560 570 20050 20419 0 0
570 580 20376 20681 0 0
580 590 20295 20780 0 0
590 600 20360 20713 0 0
600 610 20234 20463 0 0
610 620 20048 20211 0 0
620 630 20069 20238 0 0
630 640 20411 20624 0 0
640 650 20424 20849 0 0
650 660 20496 20851 0 0
660 670 20394 20406 0 0
670 680 20142 20265 0 0
680 690 20352 20536 0 0
690 700 20244 20363 0 0
700 710 20221 20543 0 0
710 720 20356 20386 0 0
720 730 20378 20657 0 0
730 740 20126 20260 0 0
740 750 20142 20318 0 0
750 760 20321 20522 0 0
760 770 20289 20457 0 0
770 780 20198 20325 0 0
780 790 20158 20637 0 0
790 800 20223 20246 0 0
800 810 20284 20526 0 0
810 820 20080 20557 0 0
820 830 20203 20368 0 0
830 840 20298 20698 0 0
840 850 20388 20503 0 0
850 860 20158 20210 0 0
860 870 20406 20593 0 0
870 880 20316 20623 0 0
880 890 20285 20740 0 0
890 900 20220 20514 0 0
900 910 20310 20311 0 0
910 920 20020 20048 0 0
920 930 20212 20363 0 0
930 940 20486 20555 0 0
940 950 20382 20553 0 0
950 960 20089 20130 0 0
960 970 20341 20358 0 0
970 980 20057 20347 0 0
980 990 20108 20428 0 0
990 1000 20421 20785 0 0
0 10 21358 21507 0 0
10 20 21302 21535 0 0
20 30 21004 21276 0 0
30 40 21125 21600 0 0
40 50 21019 21341 0 0
50 60 21224 21648 0 0
60 70 21005 21278 0 0
70 80 21286 21689 0 0
80 90 21258 21430 0 0
90 100 21084 21309 0 0
100 110 21471 21547 0 0
110 120 21353 21827 0 0
120 130 21196 21500 0 0
130 140 21095 21363 0 0
140 150 21274 21603 0 0
150 160 21485 21489 0 0
160 170 21344 21385 0 0
170 180 21103 21209 0 0
180 190 21455 21709 0 0
190 200 21330 21829 0 0
200 210 21449 21794 0 0
210 220 21188 21304 0 0
220 230 21430 21763 0 0
230 240 21310 21716 0 0
240 250 21446 21906 0 0
250 260 21270 21698 0 0
260 270 21217 21478 0 0
270 280 21171 21511 0 0
280 290 21487 21907 0 0
290 300 21324 21412 0 0
300 310 21005 21377 0 0
310 320 21053 21454 0 0
320 330 21388 21418 0 0
330 340 21474 21973 0 0
340 350 21062 21237 0 0
350 360 21358 21419 0 0
360 370 21392 21471 0 0
370 380 21352 21826 0 0
380 390 21453 21681 0 0
390 400 21218 21433 0 0
400 410 21288 21683 0 0
410 420 21343 21478 0 0
420 430 21395 21610 0 0
430 440 21106 21372 0 0
440 450 21380 21539 0 0
450 460 21316 21521 0 0
460 470 21012 21409 0 0
470 480 21147 21575 0 0
480 490 21297 21720 0 0
490 500 21194 21201 0 0
500 510 21129 21531 0 0
510 520 21293 21445 0 0
520 530 21181 21488 0 0
530 540 21224 21313 0 0
540 550 21212 21491 0 0
550 560 21133 21194 0 0
560 570 21456 21694 0 0
570 580 21320 21797 0 0
580 590 21097 21513 0 0
590 600 21001 21381 0 0
600 610 21202 21243 0 0
610 620 21129 21247 0 0
620 630 21133 21276 0 0
630 640 21263 21285 0 0
640 650 21217 21592 0 0
650 660 21243 21612 0 0
660 670 21200 21222 0 0
670 680 21094 21338 0 0
680 690 21031 21042 0 0
690 700 21433 21648 0 0
700 710 21310 21499 0 0
710 720 21237 21565 0 0
720 730 21322 21618 0 0
730 740 21277 21575 0 0
740 750 21133 21410 0 0
750 760 21101 21406 0 0
760 770 21150 21630 0 0
770 780 21322 21341 0 0
780 790 21399 21777 0 0
790 800 21369 21563 0 0
800 810 21342 21388 0 0
810 820 21232 21276 0 0
820 830 21371 21431 0 0
830 840 21485 21713 0 0
840 850 21156 21354 0 0
850 860 21041 21138 0 0
860 870 21469 21586 0 0
870 880 21359 21801 0 0
880 890 21491 21897 0 0
890 900 21224 21473 0 0
900 910 21054 21084 0 0
910 920 21214 21269 0 0
920 930 21239 21269 0 0
930 940 21170 21394 0 0
940 950 21439 21453 0 0
950 960 21155 21201 0 0
960 970 21139 21363 0 0
970 980 21306 21735 0 0
980 990 21341 21753 0 0
990 1000 21290 21751 0 0
0 10 22075 22077 0 0
10 20 22331 22673 0 0
20 30 22167 22636 0 0
30 40 22485 22880 0 0
40 50 22448 22514 0 0
50 60 22016 22026 0 0
60 70 22171 22424 0 0
70 80 22451 22612 0 0
80 90 22478 22896 0 0
90 100 22116 22470 0 0
100 110 22468 22721 0 0
110 120 22278 22657 0 0
120 130 22425 22738 0 0
130 140 22245 22437 0 0
140 150 22461 22503 0 0
150 160 22230 22554 0 0
160 170 22116 22426 0 0
170 180 22085 22245 0 0
180 190 22153 22185 0 0
190 200 22036 22364 0 0
200 210 22026 22101 0 0
210 220 22045 22493 0 0
220 230 22102 22394 0 0
230 240 22171 22289 0 0
240 250 22052 22457 0 0
250 260 22118 22396 0 0
260 270 22256 22331 0 0
270 280 22408 22662 0 0
280 290 22310 22633 0 0
290 300 22412 22778 0 0
300 310 22203 22686 0 0
310 320 22333 22373 0 0
320 330 22394 22517 0 0
330 340 22168 22506 0 0
340 350 22009 22405 0 0
350 360 22219 22296 0 0
360 370 22164 22615 0 0
370 380 22165 22449 0 0
380 390 22027 22261 0 0
390 400 22247 22283 0 0
400 410 22137 22561 0 0
410 420 22365 22667 0 0
420 430 22170 22317 0 0
430 440 22231 22730 0 0
440 450 22257 22588 0 0
450 460 22413 22481 0 0
460 470 22093 22300 0 0
470 480 22121 22403 0 0
480 490 22341 22762 0 0
490 500 22208 22608 0 0
500 510 22345 22798 0 0
510 520 22038 22071 0 0
520 530 22427 22869 0 0
530 540 22080 22094 0 0
540 550 22458 22737 0 0
550 560 22322 22612 0 0
560 570 22081 22498 0 0
570 580 22168 22655 0 0
580 590 22331 22784 0 0
590 600 22473 22652 0 0
600 610 22289 22442 0 0
610 620 22470 22818 0 0
620 630 22488 22838 0 0
630 640 22292 22406 0 0
640 650 22215 22400 0 0
650 660 22340 22409 0 0
660 670 22327 22756 0 0
670 680 22409 22866 0 0
680 690 22144 22165 0 0
690 700 22093 22539 0 0
700 710 22450 22634 0 0
710 720 22145 22356 0 0
720 730 22498 22865 0 0
730 740 22366 22753 0 0
740 750 22476 22768 0 0
750 760 22395 22879 0 0
760 770 22381 22608 0 0
770 780 22306 22397 0 0
780 790 22221 22567 0 0
790 800 22223 22508 0 0
800 810 22203 22699 0 0
810 820 22072 22076 0 0
820 830 22063 22185 0 0
830 840 22312 22534 0 0
840 850 22399 22649 0 0
850 860 22173 22354 0 0
860 870 22053 22313 0 0
870 880 22452 22540 0 0
880 890 22135 22372 0 0
890 900 22003 22025 0 0
900 910 22397 22487 0 0
910 920 22250 22471 0 0
920 930 22088 22399 0 0
930 940 22450 22880 0 0
940 950 22404 22458 0 0
950 960 22397 22463 0 0
960 970 22217 22315 0 0
970 980 22378 22575 0 0
980 990 22464 22622 0 0
990 1000 22185 22546 0 0
0 10 23212 23585 0 0
10 20 23098 23562 0 0
20 30 23451 23755 0 0
30 40 23420 23572 0 0
40 50 23289 23397 0 0
50 60 23033 23244 0 0
60 70 23099 23156 0 0
70 80 23401 23459 0 0
80 90 23433 23876 0 0
90 100 23139 23502 0 0
100 110 23382 23487 0 0
110 120 23010 23132 0 0
120 130 23219 23576 0 0
130 140 23386 23526 0 0
140 150 23002 23428 0 0
150 160 23285 23366 0 0
160 170 23127 23355 0 0
170 180 23279 23763 0 0
180 190 23414 23430 0 0
190 200 23424 23794 0 0
200 210 23195 23311 0 0
210 220 23170 23641 0 0
220 230 23094 23564 0 0
230 240 23161 23168 0 0
240 250 23408 23836 0 0
250 260 23108 23461 0 0
260 270 23254 23671 0 0
270 280 23334 23410 0 0
280 290 23090 23491 0 0
290 300 23189 23662 0 0
300 310 23445 23460 0 0
310 320 23438 23809 0 0
320 330 23276 23537 0 0
330 340 23244 23664 0 0
340 350 23080 23561 0 0
350 360 23422 23523 0 0
360 370 23250 23473 0 0
370 380 23093 23481 0 0
380 390 23463 23842 0 0
390 400 23318 23557 0 0
400 410 23423 23568 0 0
410 420 23024 23233 0 0
420 430 23025 23195 0 0
430 440 23013 23078 0 0
440 450 23310 23511 0 0
450 460 23134 23381 0 0
460 470 23115 23153 0 0
470 480 23187 23276 0 0
480 490 23468 23712 0 0
490 500 23119 23514 0 0
500 510 23405 23582 0 0
510 520 23156 23512 0 0
520 530 23311 23331 0 0
530 540 23462 23485 0 0
540 550 23109 23210 0 0
550 560 23403 23485 0 0
560 570 23343 23808 0 0
570 580 23336 23608 0 0
580 590 23292 23431 0 0
590 600 23333 23529 0 0
600 610 23049 23363 0 0
610 620 23244 23647 0 0
620 630 23135 23565 0 0
630 640 23005 23054 0 0
640 650 23084 23300 0 0
650 660 23313 23665 0 0
660 670 23459 23852 0 0
670 680 23324 23748 0 0
680 690 23284 23320 0 0
690 700 23030 23226 0 0
700 710 23365 23415 0 0
710 720 23279 23320 0 0
720 730 23472 23693 0 0
730 740 23028 23362 0 0
740 750 23333 23745 0 0
750 760 23435 23625 0 0
760 770 23261 23540 0 0
770 780 23454 23699 0 0
780 790 23367 23371 0 0
790 800 23331 23462 0 0
800 810 23087 23331 0 0
810 820 23197 23434 0 0
820 830 23202 23669 0 0
830 840 23086 23373 0 0
840 850 23297 23743 0 0
850 860 23265 23718 0 0
860 870 23128 23272 0 0
870 880 23123 23165 0 0
880 890 23190 23601 0 0
890 900 23026 23267 0 0
900 910 23429 23499 0 0
910 920 23376 23460 0 0
920 930 23235 23667 0 0
930 940 23015 23210 0 0
940 950 23236 23485 0 0
950 960 23269 23387 0 0
960 970 23271 23620 0 0
970 980 23023 23369 0 0
980 990 23058 23243 0 0
990 1000 23202 23380 0 0
0 10 24445 24732 0 0
10 20 24493 24623 0 0
20 30 24361 24596 0 0
30 40 24343 24837 0 0
40 50 24221 24698 0 0
50 60 24159 24575 0 0
60 70 24256 24531 0 0
70 80 24269 24317 0 0
80 90 24003 24423 0 0
90 100 24087 24312 0 0
100 110 24385 24731 0 0
110 120 24487 24859 0 0
120 130 24410 24482 0 0
130 140 24290 24488 0 0
140 150 24010 24102 0 0
150 160 24264 24515 0 0
160 170 24262 24493 0 0
170 180 24232 24577 0 0
180 190 24059 24473 0 0
190 200 24317 24786 0 0
200 210 24330 24611 0 0
210 220 24281 24565 0 0
220 230 24171 24379 0 0
230 240 24151 24554 0 0
240 250 24366 24484 0 0
250 260 24483 24849 0 0
260 270 24396 24828 0 0
270 280 24315 24373 0 0
280 290 24258 24692 0 0
290 300 24422 24700 0 0
300 310 24157 24450 0 0
310 320 24146 24449 0 0
320 330 24499 24807 0 0
330 340 24368 24562 0 0
340 350 24110 24183 0 0
350 360 24024 24033 0 0
360 370 24359 24632 0 0
370 380 24126 24606 0 0
380 390 24440 24709 0 0
390 400 24222 24299 0 0
400 410 24404 24660 0 0
410 420 24223 24272 0 0
420 430 24389 24514 0 0
430 440 24153 24298 0 0
440 450 24467 24632 0 0
450 460 24458 24705 0 0
460 470 24392 24431 0 0
470 480 24181 24602 0 0
480 490 24055 24170 0 0
490 500 24359 24705 0 0
500 510 24062 24087 0 0
510 520 24092 24248 0 0
520 530 24164 24623 0 0
530 540 24455 24912 0 0
540 550 24281 24650 0 0
550 560 24300 24315 0 0
560 570 24469 24677 0 0
570 580 24164 24501 0 0
580 590 24228 24726 0 0
590 600 24311 24376 0 0
600 610 24011 24469 0 0
610 620 24173 24319 0 0
620 630 24367 24579 0 0
630 640 24497 24928 0 0
640 650 24487 24767 0 0
650 660 24055 24110 0 0
660 670 24162 24497 0 0
670 680 24039 24519 0 0
680 690 24012 24063 0 0
690 700 24020 24083 0 0
700 710 24494 24702 0 0
710 720 24158 24615 0 0
720 730 24012 24298 0 0
730 740 24200 24659 0 0
740 750 24047 24054 0 0
750 760 24052 24461 0 0
760 770 24098 24322 0 0
770 780 24234 24399 0 0
780 790 24280 24569 0 0
790 800 24435 24629 0 0
800 810 24183 24664 0 0
810 820 24310 24755 0 0
820 830 24328 24645 0 0
830 840 24175 24241 0 0
840 850 24099 24228 0 0
850 860 24481 24664 0 0
860 870 24133 24559 0 0
870 880 24235 24603 0 0
880 890 24315 24774 0 0
890 900 24457 24552 0 0
900 910 24368 24735 0 0
910 920 24336 24834 0 0
920 930 24347 24514 0 0
930 940 24487 24896 0 0
940 950 24294 24582 0 0
950 960 24017 24320 0 0
960 970 24159 24423 0 0
970 980 24146 24486 0 0
980 990 24343 24657 0 0
990 1000 24391 24748 0 0
0 10 25115 25436 0 0
10 20 25251 25629 0 0
20 30 25145 25513 0 0
30 40 25072 25541 0 0
40 50 25282 25414 0 0
50 60 25291 25334 0 0
60 70 25488 25905 0 0
70 80 25345 25442 0 0
80 90 25107 25430 0 0
90 100 25179 25604 0 0
100 110 25241 25538 0 0
110 120 25323 25541 0 0
120 130 25092 25446 0 0
130 140 25366 25728 0 0
140 150 25135 25208 0 0
150 160 25069 25093 0 0
160 170 25354 25475 0 0
170 180 25024 25235 0 0
180 190 25005 25356 0 0
190 200 25003 25005 0 0
200 210 25148 25267 0 0
210 220 25388 25624 0 0
220 230 25003 25426 0 0
230 240 25400 25661 0 0
240 250 25294 25683 0 0
250 260 25278 25329 0 0
260 270 25234 25603 0 0
270 280 25231 25525 0 0
280 290 25175 25300 0 0
290 300 25416 25648 0 0
300 310 25155 25348 0 0
310 320 25093 25459 0 0
320 330 25031 25167 0 0
330 340 25084 25470 0 0
340 350 25417 25778 0 0
350 360 25497 25537 0 0
360 370 25436 25879 0 0
370 380 25097 25388 0 0
380 390 25038 25356 0 0
390 400 25451 25797 0 0
400 410 25202 25461 0 0
410 420 25379 25564 0 0
420 430 25076 25276 0 0
430 440 25363 25464 0 0
440 450 25449 25665 0 0
450 460 25490 25592 0 0
460 470 25249 25496 0 0
470 480 25258 25374 0 0
480 490 25172 25495 0 0
490 500 25280 25298 0 0
500 510 25419 25534 0 0
510 520 25067 25447 0 0
520 530 25023 25363 0 0
530 540 25127 25163 0 0
540 550 25468 25766 0 0
550 560 25344 25637 0 0
560 570 25131 25486 0 0
570 580 25428 25641 0 0
580 590 25030 25160 0 0
590 600 25313 25643 0 0
600 610 25492 25591 0 0
610 620 25133 25382 0 0
620 630 25035 25182 0 0
630 640 25278 25649 0 0
640 650 25459 25660 0 0
650 660 25470 25796 0 0
660 670 25247 25357 0 0
670 680 25436 25737 0 0
680 690 25359 25667 0 0
690 700 25177 25315 0 0
700 710 25134 25608 0 0
710 720 25212 25637 0 0
720 730 25107 25484 0 0
730 740 25001 25315 0 0
740 750 25135 25258 0 0
750 760 25001 25426 0 0
760 770 25102 25467 0 0
770 780 25125 25526 0 0
780 790 25067 25094 0 0
790 800 25246 25448 0 0
800 810 25193 25571 0 0
810 820 25231 25514 0 0
820 830 25383 25868 0 0
830 840 25241 25416 0 0
840 850 25126 25450 0 0
850 860 25459 25765 0 0
860 870 25231 25388 0 0
870 880 25380 25668 0 0
880 890 25015 25404 0 0
890 900 25425 25485 0 0
900 910 25001 25080 0 0
910 920 25036 25086 0 0
920 930 25383 25772 0 0
930 940 25433 25862 0 0
940 950 25308 25796 0 0
950 960 25274 25725 0 0
960 970 25208 25358 0 0
970 980 25202 25408 0 0
980 990 25498 25499 0 0
990 1000 25051 25092 0 0
0 10 26380 26774 0 0
10 20 26381 26557 0 0
20 30 26080 26406 0 0
30 40 26168 26553 0 0
40 50 26067 26076 0 0
50 60 26458 26564 0 0
60 70 26401 26470 0 0
70 80 26330 26512 0 0
80 90 26048 26109 0 0
90 100 26302 26476 0 0
100 110 26498 26896 0 0
110 120 26369 26598 0 0
120 130 26040 26322 0 0
130 140 26055 26066 0 0
140 150 26288 26542 0 0
150 160 26372 26571 0 0
160 170 26449 26857 0 0
170 180 26387 26424 0 0
180 190 26119 26327 0 0
190 200 26033 26100 0 0
200 210 26099 26243 0 0
210 220 26365 26689 0 0
220 230 26405 26617 0 0
230 240 26283 26552 0 0
240 250 26397 26878 0 0
250 260 26185 26457 0 0
260 270 26259 26357 0 0
270 280 26149 26369 0 0
280 290 26024 26223 0 0
290 300 26168 26286 0 0
300 310 26065 26105 0 0
310 320 26340 26584 0 0
320 330 26211 26436 0 0
330 340 26196 26208 0 0
340 350 26085 26138 0 0
350 360 26016 26481 0 0
360 370 26062 26106 0 0
370 380 26022 26432 0 0
380 390 26119 26292 0 0
390 400 26413 26846 0 0
400 410 26398 26494 0 0
410 420 26441 26824 0 0
420 430 26327 26426 0 0
430 440 26000 26113 0 0
440 450 26168 26433 0 0
450 460 26023 26227 0 0
460 470 26114 26290 0 0
470 480 26408 26659 0 0
480 490 26407 26522 0 0
490 500 26256 26344 0 0
500 510 26274 26743 0 0
510 520 26364 26753 0 0
520 530 26362 26794 0 0
530 540 26345 26624 0 0
540 550 26392 26830 0 0
550 560 26138 26186 0 0
560 570 26045 26249 0 0
570 580 26143 26364 0 0
580 590 26177 26660 0 0
590 600 26102 26415 0 0
600 610 26282 26688 0 0
610 620 26091 26474 0 0
620 630 26226 26426 0 0
630 640 26234 26404 0 0
640 650 26378 26579 0 0
650 660 26401 26680 0 0
660 670 26205 26379 0 0
670 680 26074 26301 0 0
680 690 26374 26870 0 0
690 700 26468 26794 0 0
700 710 26103 26204 0 0
710 720 26349 26396 0 0
720 730 26423 26499 0 0
730 740 26313 26749 0 0
740 750 26391 26678 0 0
750 760 26373 26849 0 0
760 770 26214 26328 0 0
770 780 26177 26338 0 0
780 790 26099 26581 0 0
790 800 26236 26397 0 0
800 810 26425 26783 0 0
810 820 26418 26678 0 0
820 830 26251 26252 0 0
830 840 26387 26462 0 0
840 850 26463 26754 0 0
850 860 26192 26590 0 0
860 870 26224 26441 0 0
870 880 26411 26863 0 0
880 890 26170 26637 0 0
890 900 26138 26151 0 0
900 910 26486 26851 0 0
910 920 26058 26546 0 0
920 930 26080 26150 0 0
930 940 26253 26487 0 0
940 950 26467 26702 0 0
950 960 26211 26468 0 0
960 970 26068 26431 0 0
970 980 26201 26224 0 0
980 990 26207 26341 0 0
990 1000 26079 26461 0 0
0 10 27204 27515 0 0
10 20 27137 27241 0 0
20 30 27347 27725 0 0
30 40 27107 27459 0 0
40 50 27278 27466 0 0
50 60 27048 27518 0 0
60 70 27367 27614 0 0
70 80 27018 27452 0 0
80 90 27044 27479 0 0
90 100 27230 27380 0 0
100 110 27083 27153 0 0
110 120 27057 27160 0 0
120 130 27237 27549 0 0
130 140 27039 27243 0 0
140 150 27247 27474 0 0
150 160 27059 27329 0 0
160 170 27424 27825 0 0
170 180 27064 27505 0 0
180 190 27354 27612 0 0
190 200 27298 27653 0 0
200 210 27144 27587 0 0
210 220 27314 27637 0 0
220 230 27053 27488 0 0
230 240 27131 27301 0 0
240 250 27112 27313 0 0
250 260 27094 27482 0 0
260 270 27103 27274 0 0
270 280 27477 27582 0 0
280 290 27160 27506 0 0
290 300 27380 27825 0 0
300 310 27064 27354 0 0
310 320 27197 27653 0 0
320 330 27487 27530 0 0
330 340 27280 27438 0 0
340 350 27383 27487 0 0
350 360 27303 27317 0 0
360 370 27388 27591 0 0
370 380 27218 27640 0 0
380 390 27279 27718 0 0
390 400 27137 27139 0 0
400 410 27154 27242 0 0
410 420 27410 27751 0 0
420 430 27277 27574 0 0
430 440 27415 27821 0 0
440 450 27157 27628 0 0
450 460 27364 27398 0 0
460 470 27379 27463 0 0
470 480 27223 27613 0 0
480 490 27390 27528 0 0
490 500 27464 27601 0 0
500 510 27128 27219 0 0
510 520 27214 27645 0 0
520 530 27015 27387 0 0
530 540 27363 27841 0 0
540 550 27337 27458 0 0
550 560 27272 27708 0 0
560 570 27219 27642 0 0
570 580 27403 27431 0 0
580 590 27444 27902 0 0
590 600 27343 27611 0 0
600 610 27079 27573 0 0
610 620 27355 27718 0 0
620 630 27360 27676 0 0
630 640 27207 27241 0 0
640 650 27042 27239 0 0
650 660 27352 27695 0 0
660 670 27094 27103 0 0
670 680 27007 27201 0 0
680 690 27206 27640 0 0
690 700 27374 27530 0 0
700 710 27367 27658 0 0
710 720 27497 27590 0 0
720 730 27175 27658 0 0
730 740 27125 27296 0 0
740 750 27005 27230 0 0
750 760 27159 27589 0 0
760 770 27447 27608 0 0
770 780 27041 27100 0 0
780 790 27302 27374 0 0
790 800 27419 27672 0 0
800 810 27077 27212 0 0
810 820 27374 27690 0 0
820 830 27158 27309 0 0
830 840 27069 27529 0 0
840 850 27218 27599 0 0
850 860 27219 27536 0 0
860 870 27339 27617 0 0
870 880 27013 27509 0 0
880 890 27415 27458 0 0
890 900 27172 27448 0 0
900 910 27209 27645 0 0
910 920 27326 27331 0 0
920 930 27273 27424 0 0
930 940 27472 27954 0 0
940 950 27078 27250 0 0
950 960 27479 27550 0 0
960 970 27176 27385 0 0
970 980 27275 27483 0 0
980 990 27059 27254 0 0
990 1000 27149 27500 0 0
0 10 28059 28339 0 0
10 20 28171 28191 0 0
20 30 28436 28872 0 0
30 40 28321 28332 0 0
40 50 28409 28822 0 0
50 60 28084 28542 0 0
60 70 28307 28790 0 0
70 80 28319 28804 0 0
80 90 28381 28422 0 0
90 100 28166 28573 0 0
100 110 28087 28105 0 0
110 120 28381 28493 0 0
120 130 28418 28796 0 0
130 140 28132 28289 0 0
140 150 28180 28491 0 0
150 160 28364 28407 0 0
160 170 28192 28686 0 0
170 180 28219 28261 0 0
180 190 28423 28444 0 0
190 200 28389 28732 0 0
200 210 28019 28305 0 0
210 220 28172 28443 0 0
220 230 28411 28480 0 0
230 240 28164 28530 0 0
240 250 28140 28417 0 0
250 260 28499 28556 0 0
260 270 28488 28920 0 0
270 280 28468 28550 0 0
280 290 28088 28413 0 0
290 300 28438 28468 0 0
300 310 28319 28608 0 0
310 320 28116 28182 0 0
320 330 28268 28428 0 0
330 340 28216 28408 0 0
340 350 28101 28318 0 0
350 360 28449 28766 0 0
360 370 28066 28176 0 0
370 380 28355 28821 0 0
380 390 28453 28739 0 0
390 400 28054 28369 0 0
400 410 28451 28646 0 0
410 420 28205 28279 0 0
420 430 28418 28793 0 0
430 440 28163 28233 0 0
440 450 28390 28841 0 0
450 460 28077 28279 0 0
460 470 28016 28210 0 0
470 480 28027 28229 0 0
480 490 28003 28193 0 0
490 500 28432 28506 0 0
500 510 28328 28790 0 0
510 520 28160 28477 0 0
520 530 28488 28951 0 0
530 540 28218 28636 0 0
540 550 28223 28597 0 0
550 560 28061 28295 0 0
560 570 28249 28365 0 0
570 580 28316 28463 0 0
580 590 28075 28297 0 0
590 600 28203 28231 0 0
600 610 28245 28385 0 0
610 620 28270 28411 0 0
620 630 28164 28322 0 0
630 640 28323 28401 0 0
640 650 28462 28466 0 0
650 660 28420 28576 0 0
660 670 28134 28375 0 0
670 680 28480 28681 0 0
680 690 28184 28185 0 0
690 700 28231 28265 0 0
700 710 28035 28305 0 0
710 720 28353 28833 0 0
720 730 28075 28214 0 0
730 740 28457 28646 0 0
740 750 28255 28508 0 0
750 760 28408 28846 0 0
760 770 28248 28427 0 0
770 780 28024 28150 0 0
780 790 28141 28262 0 0
790 800 28254 28726 0 0
800 810 28007 28284 0 0
810 820 28283 28580 0 0
820 830 28218 28328 0 0
830 840 28465 28945 0 0
840 850 28044 28291 0 0
850 860 28024 28482 0 0
860 870 28026 28427 0 0
870 880 28273 28526 0 0
880 890 28219 28246 0 0
890 900 28287 28635 0 0
900 910 28038 28069 0 0
910 920 28492 28936 0 0
920 930 28155 28431 0 0
930 940 28060 28328 0 0
940 950 28353 28713 0 0
950 960 28216 28331 0 0
960 970 28287 28441 0 0
970 980 28410 28656 0 0
980 990 28354 28481 0 0
990 1000 28112 28311 0 0
0 10 29098 29219 0 0
10 20 29027 29203 0 0
20 30 29432 29826 0 0
30 40 29244 29631 0 0
40 50 29171 29536 0 0
50 60 29123 29572 0 0
60 70 29476 29499 0 0
70 80 29149 29608 0 0
80 90 29246 29369 0 0
90 100 29292 29687 0 0
100 110 29086 29158 0 0
110 120 29349 29432 0 0
120 130 29158 29574 0 0
130 140 29485 29610 0 0
140 150 29477 29574 0 0
150 160 29213 29610 0 0
160 170 29238 29700 0 0
170 180 29165 29546 0 0
180 190 29339 29422 0 0
190 200 29205 29253 0 0
200 210 29464 29474 0 0
210 220 29454 29507 0 0
220 230 29245 29736 0 0
230 240 29479 29704 0 0
240 250 29477 29641 0 0
250 260 29222 29470 0 0
260 270 29148 29316 0 0
270 280 29491 29723 0 0
280 290 29461 29529 0 0
290 300 29127 29458 0 0
300 310 29154 29280 0 0
310 320 29312 29559 0 0
320 330 29084 29570 0 0
330 340 29342 29699 0 0
340 350 29340 29449 0 0
350 360 29380 29762 0 0
360 370 29003 29141 0 0
370 380 29437 29634 0 0
380 390 29283 29526 0 0
390 400 29222 29460 0 0
400 410 29445 29883 0 0
410 420 29438 29793 0 0
420 430 29353 29429 0 0
430 440 29298 29636 0 0
440 450 29420 29495 0 0
450 460 29378 29797 0 0
460 470 29031 29445 0 0
470 480 29279 29541 0 0
480 490 29390 29726 0 0
490 500 29131 29263 0 0
500 510 29234 29681 0 0
510 520 29351 29634 0 0
520 530 29078 29184 0 0
530 540 29151 29266 0 0
540 550 29077 29126 0 0
550 560 29114 29527 0 0
560 570 29238 29370 0 0
570 580 29183 29364 0 0
580 590 29187 29507 0 0
590 600 29339 29802 0 0
600 610 29404 29496 0 0
610 620 29011 29474 0 0
620 630 29313 29787 0 0
630 640 29205 29522 0 0
640 650 29069 29378 0 0
650 660 29358 29568 0 0
660 670 29256 29509 0 0
670 680 29349 29406 0 0
680 690 29013 29250 0 0
690 700 29177 29408 0 0
700 710 29059 29460 0 0
710 720 29088 29309 0 0
720 730 29063 29196 0 0
730 740 29381 29868 0 0
740 750 29130 29462 0 0
750 760 29037 29398 0 0
760 770 29033 29262 0 0
770 780 29392 29476 0 0
780 790 29443 29742 0 0
790 800 29124 29319 0 0
800 810 29316 29697 0 0
810 820 29052 29502 0 0
820 830 29070 29291 0 0
830 840 29151 29623 0 0
840 850 29466 29500 0 0
850 860 29175 29562 0 0
860 870 29154 29295 0 0
870 880 29416 29858 0 0
880 890 29216 29384 0 0
890 900 29237 29450 0 0
900 910 29171 29184 0 0
910 920 29185 29644 0 0
920 930 29107 29299 0 0
930 940 29459 29742 0 0
940 950 29484 29529 0 0
950 960 29265 29709 0 0
960 970 29162 29344 0 0
970 980 29233 29288 0 0
980 990 29184 29579 0 0
990 1000 29420 29456 0 0
